YY MM DD hh WD   WSPD GST  WVHT  DPD   APD  MWD  BAR    ATMP  WTMP  DEWP  VIS
91 11 16 17 168 18.3 23.3 05.90 09.10 07.90 208 1002.1  10.1  12.1 999.0 20.8
91 11 16 18 172 17.4 23.2 05.70 09.10 07.80 204 1001.9  10.2  12.1 999.0 20.4
91 11 16 19 170 17.7 22.9 06.40 10.00 08.30 201 1001.4  10.2  12.1 999.0 20.1
91 11 16 20 170 17.9 23.3 07.20 10.00 08.70 205 0999.9  09.7  12.1 999.0 20.5
91 11 16 21 168 18.3 22.7 07.60 11.10 08.90 200 0998.1  10.2  12.1 999.0 20.0
91 11 16 22 167 17.6 23.2 99.00 99.00 99.00 999 0996.1  11.0  12.1 999.0 99.0
91 11 16 23 165 14.9 19.3 06.90 12.50 09.00 198 0994.6  10.9  12.5 999.0 19.8
91 11 17 00 170 18.3 26.2 99.00 99.00 99.00 999 0993.3  11.7  12.5 999.0 99.0
91 11 17 01 173 20.9 26.5 99.00 99.00 99.00 999 0991.7  11.2  12.5 999.0 99.0
91 11 17 02 176 20.8 26.2 07.80 12.50 09.00 196 0990.6  11.1  12.5 999.0 19.6
91 11 17 03 186 18.6 23.7 99.00 99.00 99.00 999 0991.4  11.7  12.6 999.0 99.0
91 11 17 04 190 18.2 24.0 09.10 12.50 09.90 202 0991.1  12.3  12.5 999.0 20.2
91 11 17 05 246 15.3 19.5 08.00 12.50 09.30 227 0995.2  12.9  12.2 999.0 22.7
91 11 17 06 230 12.0 16.3 07.40 12.50 09.30 219 0997.7  13.3  12.2 999.0 21.9
91 11 17 07 234 09.6 13.4 07.30 12.50 09.50 234 0998.7  12.6  12.5 999.0 23.4
91 11 17 08 195 10.3 13.0 07.00 12.50 09.50 227 0999.5  12.6  12.5 999.0 22.7
91 11 17 09 186 12.0 14.7 06.90 12.50 09.60 259 1000.0  12.2  12.5 999.0 25.9
91 11 17 10 185 11.8 15.0 07.10 12.50 09.90 268 1000.0  12.5  12.5 999.0 26.8
91 11 17 11 186 11.0 13.9 07.10 14.30 09.90 281 0999.9  12.5  12.5 999.0 28.1
91 11 17 12 213 13.0 15.8 06.40 14.30 09.60 281 1000.1  12.0  12.5 999.0 28.1
91 11 17 13 206 08.4 11.1 06.70 14.30 09.80 277 0999.2  11.7  12.5 999.0 27.7
91 11 17 14 190 07.3 09.3 06.10 14.30 09.80 277 0999.7  11.6  12.5 999.0 27.7
91 11 17 15 180 07.6 09.6 06.60 12.50 09.90 267 1000.4  11.1  12.5 999.0 26.7
91 11 17 16 194 08.3 10.1 99.00 99.00 99.00 999 1001.0  11.5  12.5 999.0 99.0
91 11 17 17 185 08.3 10.0 06.10 14.30 09.70 274 1001.2  11.7  12.2 999.0 27.4
91 11 17 18 187 08.1 10.2 05.70 14.30 09.40 283 1001.8  11.7  12.2 999.0 28.3
91 11 17 19 191 08.2 10.3 05.50 14.30 09.70 272 1002.3  12.1  12.2 999.0 27.2
91 11 17 20 196 08.0 11.2 06.00 14.30 10.20 282 1001.8  12.1  12.5 999.0 28.2
91 11 17 21 210 05.3 09.5 05.40 14.30 09.80 284 1001.7  10.7  12.4 999.0 28.4
91 11 17 22 198 06.9 08.7 05.80 14.30 10.20 280 1001.5  11.8  12.5 999.0 28.0
91 11 17 23 197 07.6 09.8 05.40 12.50 09.70 269 1001.9  09.9  12.2 999.0 26.9
91 11 18 00 182 08.0 10.1 05.20 14.30 09.60 284 1002.1  10.5  12.2 999.0 28.4
91 11 18 01 193 08.5 10.7 05.30 14.30 09.60 277 1002.1  11.3  12.5 999.0 27.7
91 11 18 02 195 07.1 09.2 04.90 14.30 09.60 269 1002.4  11.7  12.5 999.0 26.9
91 11 18 03 234 02.7 04.8 04.80 14.30 09.20 269 1003.5  09.8  12.5 999.0 26.9
91 11 18 04 229 03.5 05.2 04.80 14.30 09.50 265 1003.9  10.5  12.5 999.0 26.5
91 11 18 05 228 04.8 06.8 04.50 12.50 09.10 270 1004.7  10.9  12.5 999.0 27.0
91 11 18 06 300 06.4 08.5 04.60 14.30 09.40 276 1005.9  10.1  12.5 999.0 27.6
91 11 18 07 270 04.6 06.7 04.90 14.30 09.60 273 1006.6  10.5  12.5 999.0 27.3
91 11 18 08 249 06.5 08.5 04.60 14.30 09.50 274 1008.3  11.3  12.5 999.0 27.4
91 11 18 09 277 06.7 09.9 99.00 99.00 99.00 999 1009.4  10.7  12.5 999.0 99.0
91 11 18 10 284 08.7 12.4 04.20 14.30 08.90 273 1010.7  11.2  12.4 999.0 27.3
91 11 18 11 293 09.4 12.1 99.00 99.00 99.00 999 1012.4  11.7  12.2 999.0 99.0
91 11 18 12 284 07.5 09.6 04.90 14.30 09.30 275 1013.5  11.8  12.2 999.0 27.5
91 11 18 13 283 05.3 07.8 04.70 14.30 09.50 274 1014.6  11.9  12.3 999.0 27.4
91 11 18 14 271 05.5 07.4 04.70 14.30 09.30 266 1015.8  12.2  12.4 999.0 26.6
91 11 18 15 244 05.4 07.2 05.00 14.30 09.80 262 1016.5  12.2  12.5 999.0 26.2
91 11 18 16 244 04.6 06.5 05.60 14.30 10.20 270 1017.5  12.1  12.5 999.0 27.0
91 11 18 17 228 06.0 09.7 99.00 99.00 99.00 999 1018.7  12.3  12.5 999.0 99.0
91 11 18 18 187 04.6 06.2 04.60 12.50 09.60 266 1019.2  12.1  12.5 999.0 26.6
91 11 18 19 182 07.1 09.1 05.20 16.70 10.30 261 1019.8  12.1  12.5 999.0 26.1
91 11 18 20 195 07.5 09.6 04.90 14.30 10.10 261 1020.0  12.2  12.5 999.0 26.1
91 11 18 21 163 07.2 09.0 04.60 14.30 09.70 266 1019.9  12.0  12.5 999.0 26.6
91 11 18 22 188 07.1 08.6 05.30 14.30 10.30 276 1020.6  12.1  12.5 999.0 27.6
91 11 18 23 198 07.5 09.3 05.80 16.70 10.70 267 1020.8  12.6  12.5 999.0 26.7
91 11 19 00 184 08.2 10.0 04.90 16.70 10.20 267 1021.2  12.1  12.5 999.0 26.7
91 11 19 02 173 09.7 11.9 05.20 16.70 10.20 282 1020.7  12.1  12.5 999.0 28.2
91 11 19 03 172 10.5 12.9 06.00 16.70 10.60 286 1020.6  12.1  12.5 999.0 28.6
91 11 19 04 173 11.7 14.4 05.90 16.70 10.60 287 1020.4  12.1  12.5 999.0 28.7
91 11 19 05 174 12.4 15.5 05.50 16.70 09.80 273 1020.3  12.1  12.5 999.0 27.3
91 11 19 06 173 12.8 15.7 05.60 16.70 09.50 294 1020.3  12.1  12.5 999.0 29.4
91 11 19 07 172 12.9 16.9 05.40 16.70 09.00 288 1019.8  12.1  12.3 999.0 28.8
91 11 19 08 168 13.4 16.5 05.30 16.70 09.20 305 1019.7  12.1  12.2 999.0 30.5
91 11 19 09 168 13.2 16.7 05.30 14.30 09.00 294 1019.4  11.9  12.2 999.0 29.4
91 11 19 10 167 13.2 16.4 05.20 16.70 08.80 314 1019.1  11.8  12.2 999.0 31.4
91 11 19 11 165 12.7 15.4 05.20 16.70 09.10 307 1018.7  11.7  12.5 999.0 30.7
91 11 19 12 167 12.7 16.5 05.30 14.30 09.10 294 1018.4  11.8  12.5 999.0 29.4
91 11 19 13 162 12.4 16.1 04.90 14.30 08.50 292 1017.5  11.8  12.5 999.0 29.2
91 11 19 14 165 12.2 16.0 99.00 99.00 99.00 999 1017.5  12.1  12.5 999.0 99.0
91 11 19 15 167 14.0 17.8 99.00 99.00 99.00 999 1016.8  12.2  12.2 999.0 99.0
91 11 19 16 168 14.3 17.8 05.00 16.70 08.10 167 1016.2  12.5  12.2 999.0 16.7
91 11 19 17 170 14.9 19.2 04.90 14.30 08.10 292 1015.8  12.5  12.5 999.0 29.2
91 11 19 18 169 15.9 20.2 99.00 99.00 99.00 999 1014.9  12.6  12.5 999.0 99.0
91 11 19 19 172 16.7 20.8 05.00 08.30 07.60 206 1014.4  12.8  12.5 999.0 20.6
91 11 19 20 176 17.3 22.5 05.60 08.30 08.10 208 1014.0  12.8  12.5 999.0 20.8
91 11 19 21 173 17.8 23.3 05.60 08.30 07.90 211 1012.8  12.1  12.2 999.0 21.1
91 11 19 22 172 17.4 22.3 99.00 99.00 99.00 999 1011.9  11.8  12.1 999.0 99.0
91 11 19 23 175 18.0 24.1 99.00 99.00 99.00 999 1011.1  11.4  12.1 999.0 99.0
91 11 20 00 182 19.4 24.2 06.50 12.50 08.40 246 1011.1  12.1  12.1 999.0 24.6
91 11 20 01 188 17.9 23.0 07.00 10.00 08.40 205 1011.5  12.1  12.1 999.0 20.5
91 11 20 02 206 15.4 19.4 07.60 11.10 08.90 209 1013.0  11.8  12.2 999.0 20.9
91 11 20 03 192 16.0 21.3 07.40 11.10 08.80 217 1013.0  11.4  12.2 999.0 21.7
91 11 20 04 184 10.4 13.2 06.60 11.10 08.80 213 1013.8  11.7  12.5 999.0 21.3
91 11 20 05 188 09.6 13.3 05.60 11.10 08.80 211 1014.2  12.1  12.5 999.0 21.1
91 11 20 06 194 09.7 12.0 05.60 11.10 09.30 218 1014.6  12.1  12.6 999.0 21.8
91 11 20 07 192 10.6 12.6 05.30 11.10 08.60 221 1014.8  12.2  12.6 999.0 22.1
91 11 20 08 191 09.1 11.4 04.60 11.10 08.20 222 1015.8  12.1  12.6 999.0 22.2
91 11 20 09 215 07.6 09.2 05.60 11.10 09.30 217 1016.2  12.5  12.6 999.0 21.7
91 11 20 10 213 06.8 08.6 04.80 11.10 09.10 216 1017.0  12.5  12.6 999.0 21.6
91 11 20 11 199 06.9 08.6 05.40 11.10 09.50 222 1017.8  12.5  12.6 999.0 22.2
91 11 20 12 195 05.9 07.4 05.20 11.10 09.60 229 1018.0  12.6  12.6 999.0 22.9
91 11 20 13 200 07.8 09.7 05.60 14.30 10.00 288 1018.3  12.1  12.5 999.0 28.8
91 11 20 14 200 06.2 07.6 05.40 10.00 09.40 225 1018.7  12.1  12.5 999.0 22.5
91 11 20 15 211 05.0 06.7 05.70 14.30 10.10 279 1019.2  11.0  12.5 999.0 27.9
91 11 20 16 254 04.0 05.8 05.00 14.30 09.40 282 1019.6  11.0  12.5 999.0 28.2
91 11 20 17 271 04.1 05.7 05.00 12.50 09.30 286 1019.9  11.7  12.5 999.0 28.6
91 11 20 18 270 09.0 10.9 05.00 12.50 09.20 288 1021.2  11.3  12.5 999.0 28.8
91 11 20 19 251 06.4 08.3 04.70 12.50 08.90 282 1022.1  11.1  12.5 999.0 28.2
91 11 20 20 242 08.1 10.1 04.30 11.10 08.60 259 1022.2  12.0  12.6 999.0 25.9
91 11 20 21 238 07.1 09.2 04.80 14.30 09.30 285 1022.6  12.0  12.6 999.0 28.5
91 11 20 22 262 04.5 07.2 03.90 14.30 08.80 284 1023.1  11.3  12.6 999.0 28.4
91 11 20 23 271 04.7 06.7 04.00 14.30 09.00 286 1023.5  12.6  12.6 999.0 28.6
91 11 21 00 271 06.8 08.9 04.00 14.30 09.10 284 1023.8  12.6  12.6 999.0 28.4
91 11 21 01 254 07.4 09.5 03.70 14.30 09.20 279 1024.1  12.5  12.6 999.0 27.9
91 11 21 02 256 07.7 09.6 04.30 12.50 09.60 279 1024.4  12.2  12.6 999.0 27.9
91 11 21 03 264 06.1 08.0 04.40 14.30 09.50 282 1024.6  12.1  12.6 999.0 28.2
91 11 21 04 241 06.4 08.2 99.00 99.00 99.00 999 1024.5  12.1  12.6 999.0 99.0
91 11 21 05 250 04.8 06.9 04.80 14.30 09.70 285 1025.4  09.0  12.5 999.0 28.5
91 11 21 06 238 06.0 08.3 04.80 14.30 10.00 279 1025.2  10.5  12.5 999.0 27.9
91 11 21 07 255 04.5 06.3 04.60 14.30 09.70 284 1025.7  10.9  12.5 999.0 28.4
91 11 21 08 211 04.8 06.6 05.20 14.30 09.90 282 1025.9  11.0  12.5 999.0 28.2
91 11 21 09 201 03.1 04.2 04.90 14.30 09.70 278 1025.8  10.5  12.2 999.0 27.8
91 11 21 10 236 03.1 05.0 04.60 14.30 09.20 288 1026.6  09.0  12.1 999.0 28.8
91 11 21 11 197 03.7 05.1 04.90 14.30 09.60 285 1026.5  09.5  12.1 999.0 28.5
91 11 21 12 272 05.1 07.8 04.30 14.30 09.30 294 1026.3  10.2  12.1 999.0 29.4
91 11 21 13 262 02.7 04.7 04.90 14.30 09.60 287 1027.0  09.3  12.1 999.0 28.7
91 11 21 14 260 03.5 05.5 05.10 14.30 10.30 289 1027.4  09.7  12.1 999.0 28.9
91 11 21 15 298 06.2 08.2 05.00 14.30 10.00 296 1028.2  10.5  12.1 999.0 29.6
91 11 21 16 322 05.2 07.6 04.70 14.30 09.90 294 1028.7  10.6  12.0 999.0 29.4
91 11 21 17 307 04.5 06.3 04.70 14.30 10.10 291 1029.4  10.6  12.1 999.0 29.1
91 11 21 18 297 05.0 07.0 04.50 14.30 10.20 288 1030.1  10.5  12.1 999.0 28.8
91 11 21 19 315 04.0 06.5 04.70 14.30 10.20 293 1030.5  11.0  12.1 999.0 29.3
91 11 21 20 327 03.0 04.3 04.80 14.30 10.50 296 1030.9  11.0  12.1 999.0 29.6
91 11 21 21 012 03.0 04.3 04.50 16.70 10.90 300 1030.9  11.0  12.1 999.0 30.0
91 11 21 22 013 02.8 03.9 04.60 14.30 10.80 299 1031.0  11.0  12.1 999.0 29.9
91 11 21 23 096 03.0 06.1 04.50 14.30 10.50 291 1030.9  10.6  12.1 999.0 29.1
91 11 22 00 115 01.2 03.6 04.80 16.70 11.00 298 1031.5  11.0  12.1 999.0 29.8
91 11 22 01 114 00.8 03.5 04.40 12.50 09.90 290 1031.8  10.3  12.1 999.0 29.0
91 11 22 02 051 00.8 02.1 04.50 14.30 10.40 289 1031.8  10.2  12.0 999.0 28.9
91 11 22 03 353 00.7 02.2 04.80 14.30 10.10 289 1032.1  10.2  11.8 999.0 28.9
91 11 22 04 019 01.1 02.8 04.90 14.30 10.00 291 1031.9  10.2  11.7 999.0 29.1
91 11 22 05 052 02.3 03.7 05.00 14.30 10.00 301 1031.6  10.3  11.7 999.0 30.1
91 11 22 06 112 03.4 06.5 04.50 14.30 09.40 302 1031.5  10.4  11.4 999.0 30.2
91 11 22 07 112 02.6 04.1 99.00 99.00 99.00 999 1031.6  09.6  11.4 999.0 99.0
91 11 22 09 069 03.1 04.7 04.10 12.50 09.80 298 1030.7  09.7  11.3 999.0 29.8
91 11 22 10 081 04.6 06.8 04.20 14.30 10.00 299 1030.7  08.9  11.3 999.0 29.9
91 11 22 11 088 05.5 07.5 03.70 14.30 10.20 288 1031.1  08.7  11.2 999.0 28.8
91 11 22 12 080 06.7 08.8 99.00 99.00 99.00 999 1030.4  08.2  11.0 999.0 99.0
91 11 22 13 078 06.0 07.6 03.60 14.30 10.10 290 1030.6  08.3  11.0 999.0 29.0
91 11 22 14 078 07.2 09.4 99.00 99.00 99.00 999 1030.1  08.6  10.6 999.0 99.0
91 11 22 15 074 07.5 09.9 03.40 14.30 09.50 297 1029.7  07.9  10.6 999.0 29.7
91 11 22 16 084 07.3 09.8 03.60 14.30 10.00 299 1029.7  07.9  10.5 999.0 29.9
91 11 22 17 083 08.4 10.8 03.30 14.30 08.90 298 1029.1  07.9  10.5 999.0 29.8
91 11 22 18 078 06.8 99.0 99.00 99.00 99.00 999 9999.0 999.0 999.0 999.0 99.0
91 11 22 19 080 06.3 99.0 99.00 99.00 99.00 999 9999.0  07.9 999.0 999.0 99.0
91 11 22 20 087 05.8 07.6 03.60 14.30 09.90 298 1027.8  07.9  10.6 999.0 29.8
91 11 22 21 073 06.2 08.0 03.20 12.50 09.40 297 1026.7  08.3  11.0 999.0 29.7
91 11 22 22 075 07.1 09.7 03.20 12.50 09.70 300 1025.7  09.4  11.3 999.0 30.0
91 11 22 23 080 06.3 08.0 03.10 12.50 09.00 301 1024.9  08.9  11.3 999.0 30.1
91 11 23 00 077 04.5 06.1 02.70 12.50 08.50 296 1025.7  09.0  11.3 999.0 29.6
91 11 23 01 073 06.8 08.5 02.80 12.50 09.10 299 1025.2  09.4  11.4 999.0 29.9
91 11 23 02 085 07.9 09.6 99.00 99.00 99.00 999 1024.3  09.4  11.3 999.0 99.0
91 11 23 03 081 07.4 08.9 02.70 12.50 08.10 295 1024.1  09.4  11.0 999.0 29.5
91 11 23 04 089 07.5 09.4 99.00 99.00 99.00 999 1023.7  09.6  11.0 999.0 99.0
91 11 23 05 101 08.0 10.4 02.10 12.50 07.70 305 1022.7  09.7  10.6 999.0 30.5
91 11 23 06 112 07.3 09.3 02.00 14.30 07.40 301 1022.6  09.8  10.6 999.0 30.1
91 11 23 07 122 06.4 07.9 99.00 99.00 99.00 999 1022.3  10.6  10.5 999.0 99.0
91 11 23 08 149 03.4 04.3 01.80 12.50 07.30 298 1023.5  10.8  10.6 999.0 29.8
91 11 23 09 156 03.4 04.5 99.00 99.00 99.00 999 1023.6  10.5  10.6 999.0 99.0
91 11 23 10 168 05.3 06.3 99.00 99.00 99.00 999 1024.2  10.8  11.0 999.0 99.0
91 11 23 11 155 07.0 08.3 99.00 99.00 99.00 999 1023.7  10.6  11.3 999.0 99.0
91 11 23 12 145 08.3 09.9 01.50 12.50 06.70 287 1022.8  10.3  11.3 999.0 28.7
91 11 23 13 139 10.7 12.3 01.40 20.00 05.60 287 1021.8  10.5  11.3 999.0 28.7
91 11 23 14 176 09.2 11.5 01.60 20.00 05.40 258 1023.5  10.4  11.3 999.0 25.8
91 11 23 15 193 08.7 10.9 02.00 20.00 06.30 178 1023.5  10.2  11.3 999.0 17.8
91 11 23 16 160 08.0 09.5 01.50 20.00 05.60 268 1023.1  09.8  11.0 999.0 26.8
91 11 23 17 177 08.2 09.4 01.60 20.00 05.60 248 1023.8  10.2  10.6 999.0 24.8
91 11 23 18 159 08.4 10.1 01.80 20.00 06.50 269 1023.5  10.5  10.6 999.0 26.9
91 11 23 19 164 08.4 10.2 01.80 20.00 07.50 290 1024.0  10.3  10.3 999.0 29.0
91 11 23 20 160 09.3 11.5 01.50 20.00 05.80 282 1023.5  10.5  10.2 999.0 28.2
91 11 23 21 165 10.3 12.8 01.60 20.00 05.80 264 1023.3  10.5  10.2 999.0 26.4
91 11 23 22 163 09.6 11.8 01.90 20.00 06.20 285 1022.7  10.2  10.2 999.0 28.5
91 11 23 23 170 09.4 11.6 02.30 16.70 06.30 274 1022.7  10.3  10.2 999.0 27.4
91 11 24 00 172 08.3 10.0 02.40 16.70 06.70 273 1023.1  10.5  10.3 999.0 27.3
91 11 24 01 157 08.7 10.4 02.90 16.70 07.10 262 1022.9  10.3  10.6 999.0 26.2
91 11 24 02 157 09.6 11.7 02.90 10.00 06.80 248 1023.4  09.8  10.6 999.0 24.8
91 11 24 03 155 08.9 11.2 03.00 16.70 07.10 277 1023.5  09.4  10.5 999.0 27.7
91 11 24 04 158 11.8 14.6 03.10 16.70 06.70 285 1023.4  09.4  10.5 999.0 28.5
91 11 24 05 158 10.3 12.8 02.90 16.70 06.70 267 1023.4  09.5  10.4 999.0 26.7
91 11 24 06 154 09.2 11.0 03.00 16.70 06.90 275 1022.9  09.5  10.2 999.0 27.5
91 11 24 07 155 08.6 10.5 03.00 16.70 07.10 275 1022.9  09.5  10.2 999.0 27.5
91 11 24 08 157 09.4 11.1 02.80 16.70 07.40 270 1022.6  09.8  10.2 999.0 27.0
91 11 24 09 152 10.5 12.7 03.00 16.70 07.50 289 1022.0  09.7  11.0 999.0 28.9
91 11 24 10 155 10.5 13.5 03.00 16.70 07.20 275 1021.7  09.5  11.0 999.0 27.5
91 11 24 11 158 10.0 12.8 03.10 16.70 07.30 273 1021.6  09.5  10.6 999.0 27.3
91 11 24 12 170 09.3 11.3 03.00 16.70 07.10 314 1021.0  09.8  10.5 999.0 31.4
91 11 24 13 158 07.5 09.6 02.70 16.70 07.20 281 1020.9  09.8  10.3 999.0 28.1
91 11 24 14 158 08.5 09.9 03.00 16.70 08.50 278 1020.6  10.2  10.6 999.0 27.8
91 11 24 15 163 09.3 11.2 99.00 99.00 99.00 999 1020.4  10.2  11.4 999.0 99.0
91 11 24 16 168 08.7 10.8 02.80 14.30 08.00 269 1020.9  10.4  11.3 999.0 26.9
91 11 24 17 174 08.9 11.4 03.20 14.30 08.10 265 1021.0  10.6  11.2 999.0 26.5
91 11 24 18 174 07.8 09.5 03.00 14.30 08.00 263 1021.4  10.6  11.1 999.0 26.3
91 11 24 19 177 07.9 09.7 99.00 99.00 99.00 999 1021.1  11.0  11.0 999.0 99.0
91 11 24 20 175 09.4 99.0 03.30 14.30 08.20 268 1020.3  11.0  11.3 999.0 26.8
91 11 24 21 180 09.5 11.4 03.20 14.30 07.70 270 1019.7  11.3  11.8 999.0 27.0
91 11 24 22 186 09.8 12.0 03.30 14.30 08.00 272 1019.5  11.3  11.8 999.0 27.2
91 11 24 23 195 09.8 12.4 03.20 14.30 07.30 272 1019.6  11.4  11.8 999.0 27.2
91 11 25 00 193 09.2 11.2 03.90 12.50 07.90 278 1019.6  11.7  11.8 999.0 27.8
91 11 25 01 197 09.1 11.1 99.00 99.00 99.00 999 1019.8  11.7  11.7 999.0 99.0
91 11 25 02 191 07.7 09.6 04.10 12.50 08.80 278 1019.6  11.7  11.7 999.0 27.8
91 11 25 03 192 08.3 09.7 03.80 12.50 08.40 273 1020.1  11.7  11.7 999.0 27.3
91 11 25 04 193 06.4 07.8 03.80 14.30 09.20 271 1020.4  11.8  11.8 999.0 27.1
91 11 25 05 175 07.5 08.9 04.10 14.30 09.50 270 1019.3  11.7  12.0 999.0 27.0
91 11 25 06 183 07.7 09.3 03.10 12.50 08.10 283 1019.2  11.8  12.1 999.0 28.3
91 11 25 07 188 08.5 10.1 03.40 12.50 08.20 276 1018.8  11.8  12.1 999.0 27.6
91 11 25 08 183 09.2 11.4 03.00 12.50 07.80 271 1017.6  11.8  12.1 999.0 27.1
91 11 25 09 203 08.9 10.5 03.20 12.50 07.50 261 1018.7  12.0  12.0 999.0 26.1
91 11 25 10 203 07.0 08.2 02.90 14.30 07.10 268 1018.0  12.1  11.8 999.0 26.8
91 11 25 11 187 08.7 10.8 03.00 14.30 07.20 258 1017.1  12.1  11.8 999.0 25.8
91 11 25 12 194 08.3 09.6 03.10 14.30 07.40 253 1016.8  12.1  11.7 999.0 25.3
91 11 25 13 186 10.5 12.6 03.10 14.30 07.40 258 1015.9  11.8  11.8 999.0 25.8
91 11 25 14 193 10.9 13.4 02.90 12.50 06.80 260 1015.6  12.1  11.7 999.0 26.0
91 11 25 15 209 11.1 13.7 03.20 12.50 07.10 267 1015.8  12.5  11.8 999.0 26.7
91 11 25 16 287 07.6 09.9 02.90 12.50 06.80 279 1016.7  12.0  12.0 999.0 27.9
91 11 25 17 269 06.7 08.3 02.90 12.50 06.90 281 1017.3  12.1  12.1 999.0 28.1
91 11 25 18 259 06.6 08.4 03.20 12.50 07.30 274 1018.0  12.6  12.1 999.0 27.4
91 11 25 19 264 05.9 07.4 02.60 11.10 07.00 266 1019.0  12.9  12.1 999.0 26.6
91 11 25 20 273 04.2 05.3 02.80 12.50 07.40 275 1019.4  12.9  12.1 999.0 27.5
91 11 25 21 268 04.2 05.8 02.50 12.50 07.00 274 1019.6  12.9  12.1 999.0 27.4
91 11 25 22 262 02.7 03.8 03.10 12.50 07.80 275 1019.6  12.9  12.1 999.0 27.5
91 11 25 23 205 02.1 02.7 03.00 12.50 07.80 293 1019.6  12.6  12.1 999.0 29.3
91 11 26 00 201 03.0 03.8 03.00 12.50 08.20 287 1019.6  12.6  12.1 999.0 28.7
91 11 26 01 185 04.1 04.9 02.90 12.50 08.10 281 1019.2  12.5  12.1 999.0 28.1
91 11 26 02 214 02.6 03.7 02.80 12.50 08.30 279 1020.0  12.5  12.1 999.0 27.9
91 11 26 03 203 03.5 04.4 02.60 11.10 07.90 282 1020.1  12.5  12.1 999.0 28.2
91 11 26 04 259 01.7 02.8 02.60 12.50 07.90 289 1020.0  12.5  11.8 999.0 28.9
91 11 26 05 191 02.9 04.2 02.50 12.50 07.90 290 1019.6  12.1  11.8 999.0 29.0
91 11 26 06 176 04.9 06.1 02.40 12.50 07.80 285 1019.5  11.3  11.8 999.0 28.5
91 11 26 07 184 06.1 07.1 02.60 11.10 08.10 290 1019.5  11.0  11.8 999.0 29.0
91 11 26 08 172 04.8 06.0 02.40 11.10 07.80 294 1018.8  11.0  11.8 999.0 29.4
91 11 26 09 184 06.3 07.7 02.40 11.10 07.50 297 1018.5  11.0  12.0 999.0 29.7
91 11 26 10 196 06.2 07.4 02.60 11.10 07.80 282 1018.4  11.3  12.1 999.0 28.2
91 11 26 11 178 06.1 07.6 02.40 11.10 07.50 288 1017.5  11.3  12.1 999.0 28.8
91 11 26 12 178 05.9 07.0 02.40 11.10 07.10 285 1016.5  11.0  12.1 999.0 28.5
91 11 26 13 162 06.1 07.7 02.30 11.10 07.30 288 1015.7  11.0  12.1 999.0 28.8
91 11 26 14 152 06.3 07.9 02.10 11.10 07.40 287 1014.6  11.0  12.1 999.0 28.7
91 11 26 15 146 07.7 09.7 02.40 11.10 07.70 282 1013.4  10.7  12.1 999.0 28.2
91 11 26 16 134 06.1 07.6 02.20 11.10 07.30 284 1012.6  10.6  12.1 999.0 28.4
91 11 26 17 091 05.2 06.5 01.90 11.10 07.10 288 1011.6  10.2  12.0 999.0 28.8
91 11 26 18 259 01.9 03.2 02.00 11.10 07.80 291 1010.5  11.3  11.8 999.0 29.1
91 11 26 19 277 03.6 05.0 02.20 11.10 06.90 289 1010.3  11.3  11.8 999.0 28.9
91 11 26 20 299 12.5 16.5 02.10 10.00 06.60 296 1011.0  10.7  11.7 999.0 29.6
91 11 26 21 316 09.9 11.9 02.70 10.00 06.40 290 1011.1  11.0  11.8 999.0 29.0
91 11 26 22 311 07.5 08.9 02.70 11.10 06.50 291 1011.7  10.7  11.9 999.0 29.1
91 11 26 23 303 08.9 10.9 02.70 10.00 06.50 279 1012.6  10.6  12.0 999.0 27.9
91 11 27 00 315 08.6 10.6 02.40 07.10 06.20 233 1012.8  11.0  12.1 999.0 23.3
91 11 27 01 315 07.0 08.5 02.60 11.10 06.40 273 1013.4  11.0  11.8 999.0 27.3
91 11 27 02 317 06.1 07.9 02.40 11.10 06.40 283 1013.5  11.0  11.8 999.0 28.3
91 11 27 03 305 06.4 08.0 02.40 11.10 06.70 294 1014.1  11.0  11.8 999.0 29.4
91 11 27 04 315 07.4 10.3 02.50 11.10 06.60 293 1014.9  11.0  11.8 999.0 29.3
91 11 27 05 314 07.1 08.4 02.20 11.10 06.30 282 1015.6  11.0  11.8 999.0 28.2
91 11 27 06 320 06.3 08.3 02.50 10.00 06.80 283 1016.3  11.1  11.8 999.0 28.3
91 11 27 07 316 06.1 07.3 02.40 11.10 06.90 288 1017.0  11.0  12.0 999.0 28.8
91 11 27 08 340 06.1 07.7 02.60 11.10 07.30 289 1017.5  10.5  12.0 999.0 28.9
91 11 27 09 296 04.5 06.9 02.50 11.10 07.30 272 1018.6  09.2  11.8 999.0 27.2
91 11 27 10 326 10.4 12.6 02.60 11.10 07.70 288 1019.4  10.2  11.8 999.0 28.8
91 11 27 11 337 05.5 06.9 02.30 11.10 07.10 279 1020.4  10.2  11.7 999.0 27.9
91 11 27 12 336 05.6 06.8 02.50 11.10 07.30 290 1020.7  10.5  11.7 999.0 29.0
91 11 27 13 352 02.9 04.0 02.60 10.00 07.70 283 1021.8  09.3  11.4 999.0 28.3
91 11 27 14 331 03.7 04.8 02.30 12.50 07.20 285 1022.2  09.0  11.3 999.0 28.5
91 11 27 15 335 06.2 09.0 02.70 11.10 07.70 285 1023.5  09.8  11.0 999.0 28.5
91 11 27 16 344 05.4 06.9 02.50 11.10 07.30 288 1024.2  09.7  11.0 999.0 28.8
91 11 27 17 337 07.0 08.5 02.60 12.50 07.20 289 1025.2  10.7  10.9 999.0 28.9
91 11 27 18 313 08.9 11.6 02.70 11.10 07.10 278 1026.5  10.2  10.7 999.0 27.8
91 11 27 19 340 08.1 10.2 02.60 11.10 06.80 278 1027.2  11.0  10.9 999.0 27.8
91 11 27 20 342 06.7 08.7 02.70 12.50 06.70 288 1027.3  10.7  10.9 999.0 28.8
91 11 27 21 346 07.6 10.1 99.00 99.00 99.00 999 1027.4  10.6  10.9 999.0 99.0
91 11 27 22 315 06.7 08.0 02.80 12.50 06.90 280 1028.0  10.6  10.9 999.0 28.0
91 11 27 23 347 06.5 08.0 02.80 11.10 07.60 291 1028.3  10.6  11.4 999.0 29.1
91 11 28 00 348 08.2 09.9 02.70 12.50 07.00 288 1028.8  11.0  11.4 999.0 28.8
91 11 28 01 344 08.1 09.8 03.00 11.10 07.10 291 1029.0  11.0  11.3 999.0 29.1
91 11 28 02 347 08.4 10.3 02.80 12.50 07.20 286 1029.7  11.0  11.3 999.0 28.6
91 11 28 03 350 07.7 09.3 02.70 11.10 07.10 288 1030.1  11.0  11.3 999.0 28.8
91 11 28 04 344 07.1 08.9 02.80 11.10 07.20 290 1030.6  10.9  11.0 999.0 29.0
91 11 28 05 350 06.9 08.9 99.00 99.00 99.00 999 1031.5  10.9  11.0 999.0 99.0
91 11 28 06 348 07.2 08.5 99.00 99.00 99.00 999 1031.9  10.5  11.0 999.0 99.0
91 11 28 07 340 06.0 07.3 03.00 12.50 07.60 290 1031.8  10.4  10.9 999.0 29.0
91 11 28 08 356 06.5 08.4 03.10 10.00 07.40 284 1032.0  10.5  10.6 999.0 28.4
91 11 28 09 345 07.2 09.0 03.00 12.50 07.50 295 1032.0  10.6  10.6 999.0 29.5
91 11 28 10 355 07.0 08.8 03.20 12.50 07.70 286 1032.0  10.6  10.6 999.0 28.6
91 11 28 11 352 06.2 07.4 99.00 99.00 99.00 999 1032.1  10.6  10.5 999.0 99.0
91 11 28 12 347 05.7 07.4 02.90 09.10 07.20 292 1032.1  10.6  10.5 999.0 29.2
91 11 28 13 346 06.2 07.7 02.70 11.10 07.20 290 1032.3  10.5  10.5 999.0 29.0
91 11 28 14 355 03.9 04.9 03.10 11.10 07.80 290 1032.0  10.6  10.5 999.0 29.0
91 11 28 15 349 04.1 05.1 02.80 11.10 07.60 296 1032.6  10.6  10.3 999.0 29.6
91 11 28 16 323 03.1 04.3 02.90 11.10 07.80 290 1032.1  10.6  10.3 999.0 29.0
91 11 28 17 290 04.0 04.9 02.80 11.10 08.10 284 1032.3  10.3  10.3 999.0 28.4
91 11 28 18 325 01.6 02.4 02.80 11.10 08.10 283 1032.1  09.5  10.3 999.0 28.3
91 11 28 19 206 03.6 04.3 02.80 11.10 08.30 288 1031.7  09.4  10.3 999.0 28.8
91 11 28 20 229 02.4 03.2 02.50 11.10 07.90 285 1030.6  09.8  10.5 999.0 28.5
91 11 28 21 296 07.5 10.8 02.30 11.10 07.50 282 1030.2  11.2  10.5 999.0 28.2
91 11 28 22 311 08.1 10.5 99.00 99.00 99.00 999 1029.0  10.8  10.5 999.0 99.0
91 11 28 23 313 07.3 08.8 02.40 12.50 06.40 292 1028.3  11.0  10.5 999.0 29.2
91 11 29 00 307 08.9 11.1 02.40 10.00 06.60 291 1028.1  11.3  10.3 999.0 29.1
91 11 29 01 307 07.1 09.5 02.50 11.10 06.50 285 1027.4  10.9  10.3 999.0 28.5
91 11 29 02 291 09.1 11.3 99.00 99.00 99.00 999 1026.7  11.3  10.3 999.0 99.0
91 11 29 03 327 11.3 14.0 99.00 99.00 99.00 999 1026.0  11.1  10.3 999.0 99.0
91 11 29 04 318 11.9 14.8 02.90 11.10 06.20 292 1026.3  10.6  10.3 999.0 29.2
91 11 29 05 322 13.2 15.9 03.60 06.70 06.30 322 1026.3  10.6  10.5 999.0 32.2
91 11 29 06 321 13.5 16.3 03.80 07.70 06.70 322 1025.8  10.5  10.6 999.0 32.2
91 11 29 07 333 14.3 18.3 04.30 07.70 06.90 321 1025.6  10.3  10.8 999.0 32.1
91 11 29 08 340 14.2 17.7 04.80 10.00 07.40 319 1025.7  10.2  10.9 999.0 31.9
91 11 29 09 336 14.6 18.2 04.90 11.10 07.60 320 1025.8  10.3  11.2 999.0 32.0
91 11 29 10 350 12.5 15.4 05.80 11.10 08.40 337 1026.7  10.2  11.4 999.0 33.7
91 11 29 11 349 11.8 14.2 05.40 11.10 08.20 330 1026.9  10.2  11.7 999.0 33.0
91 11 29 12 357 10.6 13.3 99.00 99.00 99.00 999 1027.3  10.3  11.7 999.0 99.0
91 11 29 13 352 12.0 14.7 05.70 11.10 08.50 332 1027.8  10.2  11.4 999.0 33.2
91 11 29 14 356 11.5 14.4 05.40 11.10 08.60 333 1028.5  10.2  11.4 999.0 33.3
91 11 29 15 358 11.0 13.8 05.30 11.10 08.70 326 1029.3  09.9  11.3 999.0 32.6
91 11 29 16 356 10.0 12.9 04.90 11.10 08.40 328 1030.1  09.8  11.0 999.0 32.8
91 11 29 17 008 07.9 10.2 04.70 11.10 08.40 328 1030.8  09.8  11.0 999.0 32.8
91 11 29 18 019 07.4 09.6 04.20 12.50 08.20 332 1031.5  09.7  11.0 999.0 33.2
91 11 29 19 022 07.5 09.0 04.60 12.50 08.40 329 1032.0  09.7  11.0 999.0 32.9
91 11 29 21 018 04.8 06.4 04.30 11.10 08.60 330 1031.9  09.4  11.0 999.0 33.0
91 11 29 22 008 05.5 07.0 04.20 11.10 08.60 319 1031.6  09.5  11.0 999.0 31.9
91 11 29 23 360 05.6 07.5 03.30 11.10 07.70 306 1031.9  09.7  11.0 999.0 30.6
91 11 30 00 003 07.3 09.2 03.90 11.10 08.30 324 1031.9  09.5  11.0 999.0 32.4
91 11 30 01 356 06.7 08.3 99.00 99.00 99.00 999 1032.1  09.5  11.0 999.0 99.0
91 11 30 02 360 07.5 09.3 04.00 11.10 08.50 316 1032.5  09.7  11.0 999.0 31.6
91 11 30 03 002 06.9 08.3 03.70 11.10 08.30 315 1032.5  09.6  11.1 999.0 31.5
91 11 30 04 011 07.1 08.2 03.10 11.10 07.60 314 1033.1  09.7  11.0 999.0 31.4
91 11 30 05 010 06.1 07.4 03.20 11.10 07.80 311 1033.1  09.7  11.0 999.0 31.1
91 11 30 06 011 05.1 06.6 02.80 11.10 07.90 312 1033.4  09.5  11.3 999.0 31.2
91 11 30 07 031 02.9 03.9 02.70 11.10 07.80 307 1033.1  09.4  11.3 999.0 30.7
91 11 30 08 003 02.9 04.1 02.60 12.50 07.90 303 1033.6  09.4  11.3 999.0 30.3
91 11 30 09 344 02.9 04.2 02.50 10.00 08.10 314 1033.5  09.4  11.3 999.0 31.4
91 11 30 10 352 04.0 05.0 02.60 10.00 08.00 310 1033.5  09.2  11.2 999.0 31.0
91 11 30 11 342 03.0 04.0 02.50 14.30 08.30 294 1033.5  09.4  11.3 999.0 29.4
91 11 30 12 348 04.6 06.0 02.60 14.30 08.60 291 1033.2  09.4  11.3 999.0 29.1
91 11 30 13 325 05.5 07.6 02.80 12.50 08.50 293 1032.8  09.5  11.3 999.0 29.3
91 11 30 14 340 05.2 06.6 02.60 12.50 08.10 293 1032.9  09.7  11.3 999.0 29.3
91 11 30 15 352 04.7 05.9 02.80 12.50 08.50 293 1032.3  09.7  11.3 999.0 29.3
91 11 30 16 352 05.5 07.0 02.70 12.50 08.30 293 1032.1  09.8  11.3 999.0 29.3
91 11 30 17 344 04.2 05.4 02.60 12.50 07.70 295 1032.5  10.2  11.4 999.0 29.5
91 11 30 18 354 04.6 06.1 02.70 12.50 08.30 296 1032.9  10.3  11.3 999.0 29.6
91 11 30 19 343 04.6 05.7 02.40 12.50 07.90 293 1033.1  10.3  11.3 999.0 29.3
91 11 30 20 341 04.3 05.1 02.40 14.30 08.00 297 1033.0  10.5  11.3 999.0 29.7
91 11 30 21 337 04.7 05.7 02.30 12.50 07.90 296 1032.9  10.5  11.0 999.0 29.6
91 11 30 22 344 04.6 05.5 02.00 12.50 07.60 291 1032.8  10.3  10.3 999.0 29.1
91 11 30 23 356 04.2 05.3 02.10 12.50 07.50 282 1032.6  10.5  10.5 999.0 28.2
91 12 01 00 003 03.7 05.2 02.00 11.10 07.30 290 1032.1  10.0  11.0 999.0 29.0
91 12 01 01 340 02.8 03.9 02.10 14.30 07.50 290 1032.1  09.5  11.3 999.0 29.0
91 12 01 02 327 02.2 04.0 01.90 12.50 07.10 297 1032.1  09.0  11.3 999.0 29.7
91 12 01 03 040 01.9 02.6 01.80 12.50 07.10 295 1032.2  09.0  11.1 999.0 29.5
91 12 01 04 012 00.3 00.9 02.10 12.50 07.50 288 1032.3  08.8  11.0 999.0 28.8
91 12 01 05 074 00.1 00.9 01.90 11.10 07.10 285 1032.8  09.0  11.0 999.0 28.5
91 12 01 06 166 01.0 02.0 02.10 12.50 07.20 289 1032.9  09.5  11.0 999.0 28.9
91 12 01 07 011 01.1 02.6 02.10 12.50 07.40 295 1032.8  09.8  11.0 999.0 29.5
91 12 01 08 299 03.0 04.1 02.00 14.30 07.50 295 1032.1  10.2  10.9 999.0 29.5
91 12 01 09 298 03.4 04.6 02.10 12.50 07.70 301 1032.1  10.4  11.0 999.0 30.1
91 12 01 10 308 04.1 05.2 01.90 12.50 07.30 295 1032.1  10.5  11.0 999.0 29.5
91 12 01 11 293 05.0 06.7 02.00 12.50 07.60 303 1032.0  10.6  11.0 999.0 30.3
91 12 01 12 337 05.1 06.2 01.90 14.30 07.10 292 1032.5  10.3  11.0 999.0 29.2
91 12 01 13 327 04.9 07.4 01.90 12.50 07.30 288 1032.0  10.6  10.6 999.0 28.8
91 12 01 14 313 03.1 05.4 01.80 14.30 07.10 290 1031.4  10.2  10.6 999.0 29.0
91 12 01 15 323 02.8 04.1 01.90 14.30 07.70 290 1031.5  10.5  10.6 999.0 29.0
91 12 01 16 303 03.5 04.6 01.70 14.30 06.90 297 1031.2  10.6  10.5 999.0 29.7
91 12 01 17 300 03.5 04.8 01.80 14.30 06.90 293 1031.2  11.0  10.6 999.0 29.3
91 12 01 18 290 03.5 04.4 01.80 12.50 06.70 298 1031.3  11.0  10.6 999.0 29.8
91 12 01 19 284 04.5 05.5 01.90 14.30 06.90 297 1031.0  11.4  10.6 999.0 29.7
91 12 01 20 268 04.2 05.2 01.80 14.30 06.50 291 1030.4  11.3  10.3 999.0 29.1
91 12 01 21 256 05.2 06.7 01.90 12.50 06.50 293 1029.7  11.7  10.2 999.0 29.3
91 12 01 22 250 05.7 06.8 02.00 12.50 06.50 293 1028.6  11.7  10.3 999.0 29.3
91 12 01 23 240 05.5 06.9 02.20 12.50 06.80 292 1027.9  11.4  10.3 999.0 29.2
91 12 02 00 230 06.5 08.1 02.00 12.50 06.20 306 1027.6  11.0  10.3 999.0 30.6
91 12 02 01 238 08.3 10.0 01.90 12.50 06.10 300 1027.1  11.0  10.2 999.0 30.0
91 12 02 02 244 07.8 09.2 02.20 12.50 06.40 293 1026.7  11.3  10.3 999.0 29.3
91 12 02 03 268 08.0 09.3 02.20 12.50 06.00 286 1026.7  11.7  10.3 999.0 28.6
91 12 02 04 289 06.5 08.7 02.50 12.50 06.30 294 1026.6  11.7  10.3 999.0 29.4
91 12 02 05 299 07.0 08.5 02.60 07.10 06.30 313 1026.2  11.4  10.3 999.0 31.3
91 12 02 06 305 05.1 06.5 02.40 07.70 06.30 317 1026.3  11.3  10.3 999.0 31.7
91 12 02 07 306 06.0 07.7 02.50 09.10 06.40 322 1025.9  11.2  10.3 999.0 32.2
91 12 02 08 325 05.9 07.4 02.40 09.10 06.90 319 1026.1  11.0  10.3 999.0 31.9
91 12 02 09 311 05.4 06.8 02.40 09.10 06.70 311 1026.6  11.3  10.5 999.0 31.1
91 12 02 10 317 04.9 06.7 02.10 10.00 06.60 310 1026.7  11.3  10.5 999.0 31.0
91 12 02 11 315 05.6 06.9 02.30 09.10 06.90 324 1026.9  11.4  10.5 999.0 32.4
91 12 02 12 332 04.2 05.2 02.10 09.10 06.90 314 1027.0  11.3  10.5 999.0 31.4
91 12 02 13 336 03.9 05.4 02.20 09.10 07.00 313 1027.5  11.0  10.5 999.0 31.3
91 12 02 14 325 05.3 07.0 02.30 08.30 07.20 317 1028.3  11.0  10.5 999.0 31.7
91 12 02 15 345 04.7 06.0 02.30 09.10 07.30 319 1028.8  10.9  10.5 999.0 31.9
91 12 02 16 347 04.2 05.1 02.50 10.00 07.50 311 1029.0  10.9  10.5 999.0 31.1
91 12 02 17 008 02.2 02.9 02.70 09.10 07.70 326 1030.0  10.6  10.5 999.0 32.6
91 12 02 18 354 02.6 03.8 02.90 09.10 07.60 315 1030.5  11.0  10.5 999.0 31.5
91 12 02 19 006 00.9 01.6 02.80 09.10 07.40 321 1031.2  11.0  10.5 999.0 32.1
91 12 02 20 326 00.3 01.2 02.90 10.00 07.30 322 1031.2  11.4  10.5 999.0 32.2
91 12 02 21 207 00.2 01.0 03.00 09.10 07.60 316 1031.0  11.7  10.6 999.0 31.6
91 12 02 22 164 01.6 02.8 02.60 10.00 07.00 305 1030.6  11.0  10.6 999.0 30.5
91 12 02 23 203 01.9 02.7 02.70 10.00 07.30 312 1031.4  10.8  10.6 999.0 31.2
91 12 03 00 176 02.3 03.3 02.60 12.50 07.40 310 1031.3  10.6  10.5 999.0 31.0
91 12 03 01 202 01.6 02.5 02.30 12.50 07.40 310 1031.5  10.6  10.5 999.0 31.0
91 12 03 02 264 02.7 04.0 02.30 12.50 07.60 312 1031.5  10.3  10.5 999.0 31.2
91 12 03 03 282 02.3 03.2 02.00 14.30 07.40 298 1031.1  10.2  10.5 999.0 29.8
91 12 03 04 348 00.1 00.8 02.60 12.50 08.70 307 1031.2  10.2  10.3 999.0 30.7
91 12 03 05 286 00.4 01.0 02.30 14.30 08.10 297 1030.8  10.2  10.3 999.0 29.7
91 12 03 06 222 01.7 02.5 02.10 14.30 07.80 306 1030.6  09.9  10.3 999.0 30.6
91 12 03 07 078 01.0 01.9 02.20 14.30 08.00 311 1030.5  09.8  10.3 999.0 31.1
91 12 03 08 156 01.9 02.9 02.50 14.30 08.70 315 1030.3  09.8  10.3 999.0 31.5
91 12 03 09 195 01.0 01.9 02.30 14.30 08.30 314 1029.6  09.8  10.3 999.0 31.4
91 12 03 10 125 01.6 03.0 02.40 11.10 08.40 316 1029.4  09.7  10.3 999.0 31.6
91 12 03 11 132 02.8 04.2 02.90 14.30 09.80 314 1029.2  09.4  10.3 999.0 31.4
91 12 03 12 119 02.3 03.6 02.70 14.30 09.80 320 1028.5  09.7  10.3 999.0 32.0
91 12 03 13 122 02.5 04.7 02.50 14.30 08.60 317 1028.3  09.5  10.3 999.0 31.7
91 12 03 14 107 02.0 03.1 02.70 14.30 09.20 322 1027.8  09.0  10.3 999.0 32.2
91 12 03 15 100 01.5 02.8 02.50 12.50 08.70 309 1027.3  09.4  10.3 999.0 30.9
91 12 03 16 131 01.8 02.6 02.50 14.30 08.70 316 1027.4  09.6  10.3 999.0 31.6
91 12 03 17 100 01.1 02.2 02.40 12.50 08.60 311 1026.8  09.5  10.3 999.0 31.1
91 12 03 18 029 01.2 02.0 99.00 99.00 99.00 999 1026.6  10.5  10.5 999.0 99.0
91 12 03 19 070 01.3 02.2 02.20 12.50 08.70 309 1026.4  10.3  10.5 999.0 30.9
91 12 03 20 012 01.9 02.4 01.80 12.50 08.40 306 1025.6  10.3  10.5 999.0 30.6
91 12 03 21 018 02.0 02.8 01.80 12.50 08.80 307 1024.8  10.3  10.5 999.0 30.7
91 12 03 22 014 01.7 02.2 01.70 12.50 09.00 303 1023.7  10.5  10.5 999.0 30.3
91 12 03 23 006 02.2 02.7 01.70 12.50 09.00 308 1023.0  10.5  10.5 999.0 30.8
91 12 04 00 352 02.1 02.7 01.60 12.50 08.90 306 1022.8  10.3  10.5 999.0 30.6
91 12 04 01 334 01.7 02.4 01.50 12.50 08.50 319 1022.2  10.2  10.6 999.0 31.9
91 12 04 02 299 02.0 02.8 01.70 11.10 08.70 316 1022.0  10.2  10.9 999.0 31.6
91 12 04 03 267 01.5 02.1 01.60 11.10 08.60 316 1021.9  10.2  10.9 999.0 31.6
91 12 04 04 229 02.0 02.7 01.70 11.10 08.40 307 1021.4  10.5  11.0 999.0 30.7
91 12 04 05 201 03.0 03.7 01.60 11.10 08.20 298 1021.2  11.0  10.9 999.0 29.8
91 12 04 06 180 04.3 05.4 01.80 11.10 08.20 305 1021.0  10.6  10.6 999.0 30.5
91 12 04 07 176 06.1 07.3 01.60 12.50 08.00 304 1020.8  10.5  10.5 999.0 30.4
91 12 04 08 162 08.6 10.3 01.70 11.10 07.00 302 1020.5  09.8  10.5 999.0 30.2
91 12 04 09 165 08.9 10.6 01.40 11.10 05.30 311 1019.7  09.8  10.5 999.0 31.1
91 12 04 10 169 09.2 10.9 01.50 11.10 05.50 298 1019.4  10.2  10.6 999.0 29.8
91 12 04 11 176 09.6 11.8 01.40 20.00 05.30 271 1019.2  10.5  10.6 999.0 27.1
91 12 04 12 180 10.6 12.8 99.00 99.00 99.00 999 1018.6  09.8  10.5 999.0 99.0
91 12 04 13 175 10.8 13.6 01.90 20.00 05.50 275 1017.9  09.8  10.5 999.0 27.5
91 12 04 14 182 10.9 15.1 02.20 20.00 05.60 183 1017.9  09.8  10.5 999.0 18.3
91 12 04 15 182 10.1 12.4 02.40 05.60 05.90 198 1017.9  09.8  10.3 999.0 19.8
91 12 04 16 185 10.0 13.1 02.90 20.00 06.30 231 1018.0  10.2  10.5 999.0 23.1
91 12 04 17 186 09.4 12.6 02.80 07.70 06.20 280 1018.0  10.2  10.5 999.0 28.0
91 12 04 18 180 09.4 12.8 02.90 20.00 06.50 263 1018.2  10.2  10.5 999.0 26.3
91 12 04 19 178 09.4 12.9 03.40 20.00 07.10 289 1018.1  10.2  10.5 999.0 28.9
91 12 04 20 175 09.7 12.2 03.50 08.30 07.10 281 1017.5  09.8  10.5 999.0 28.1
91 12 04 21 175 09.4 11.5 03.10 10.00 07.20 279 1016.8  10.2  10.5 999.0 27.9
91 12 04 22 170 08.8 11.0 03.20 11.10 07.30 281 1016.4  10.2  10.5 999.0 28.1
91 12 04 23 164 08.8 11.2 02.90 11.10 07.20 278 1015.7  10.2  10.5 999.0 27.8
91 12 05 00 163 09.0 11.2 03.10 11.10 07.60 273 1015.4  10.2  10.5 999.0 27.3
91 12 05 01 166 08.8 11.2 03.00 16.70 07.40 284 1014.9  10.2  10.5 999.0 28.4
91 12 05 02 161 09.6 11.5 03.00 16.70 07.30 281 1014.5  10.3  10.5 999.0 28.1
91 12 05 03 162 09.4 11.9 03.30 16.70 07.80 280 1014.2  10.2  10.5 999.0 28.0
91 12 05 04 163 09.6 12.3 02.90 16.70 07.30 278 1013.6  10.5  10.5 999.0 27.8
91 12 05 05 167 09.9 12.6 03.40 16.70 07.80 281 1013.3  10.6  10.5 999.0 28.1
91 12 05 06 170 09.7 12.1 03.40 16.70 07.70 280 1012.9  10.9  10.5 999.0 28.0
91 12 05 07 170 10.6 13.3 03.20 14.30 07.20 267 1012.5  10.9  10.5 999.0 26.7
91 12 05 08 174 10.3 13.2 03.40 16.70 07.60 275 1012.5  11.0  10.5 999.0 27.5
91 12 05 09 173 10.0 12.5 03.20 16.70 07.40 270 1011.8  10.9  10.5 999.0 27.0
91 12 05 10 175 09.5 12.6 99.00 99.00 99.00 999 1011.3  11.0  10.6 999.0 99.0
91 12 05 11 175 09.4 12.4 99.00 99.00 99.00 999 1011.1  11.0  10.6 999.0 99.0
91 12 05 12 175 10.8 13.1 03.10 16.70 07.00 292 1010.3  11.3  10.7 999.0 29.2
91 12 05 13 172 11.2 14.1 03.10 14.30 07.00 286 1010.0  11.3  11.3 999.0 28.6
91 12 05 14 169 11.6 15.2 03.00 16.70 06.50 299 1009.2  11.4  11.3 999.0 29.9
91 12 05 15 172 12.4 16.4 03.20 14.30 06.80 283 1008.7  11.3  11.3 999.0 28.3
91 12 05 16 172 13.4 16.7 03.10 07.70 06.60 248 1007.9  11.4  11.3 999.0 24.8
91 12 05 17 172 14.3 18.2 03.80 07.10 06.70 214 1007.8  11.3  11.0 999.0 21.4
91 12 05 18 173 15.3 18.9 03.70 08.30 06.60 234 1007.8  11.0  11.0 999.0 23.4
91 12 05 19 175 16.1 20.7 04.10 07.70 06.80 221 1007.5  11.3  11.0 999.0 22.1
91 12 05 20 178 16.4 19.8 04.70 08.30 07.00 204 1006.7  11.2  11.0 999.0 20.4
91 12 05 21 180 16.1 21.5 99.00 99.00 99.00 999 1006.3  10.6 999.0 999.0 99.0
91 12 05 22 184 16.2 20.0 04.80 09.10 07.30 210 1006.1  10.9  11.3 999.0 21.0
91 12 05 23 186 14.2 18.2 05.40 09.10 07.60 210 1007.1  10.9  11.3 999.0 21.0
91 12 06 00 192 15.1 19.6 05.70 10.00 07.90 210 1007.1  10.9  11.3 999.0 21.0
91 12 06 01 192 14.4 18.3 05.40 09.10 07.90 206 1007.1  11.2  11.3 999.0 20.6
91 12 06 02 192 13.1 17.6 05.20 10.00 08.00 210 1007.8  11.0  11.3 999.0 21.0
91 12 06 03 193 11.3 14.5 04.80 09.10 07.60 201 1008.2  11.3  11.3 999.0 20.1
91 12 06 04 188 11.5 14.6 04.20 09.10 07.60 201 1008.1  11.3  11.3 999.0 20.1
91 12 06 05 196 10.3 12.6 04.40 10.00 07.80 219 1008.5  11.3  11.3 999.0 21.9
91 12 06 06 190 11.0 14.4 04.20 09.10 07.80 214 1008.4  11.3  11.3 999.0 21.4
91 12 06 07 192 10.2 12.8 04.00 09.10 07.60 219 1008.6  11.3  11.3 999.0 21.9
91 12 06 08 186 11.0 13.3 03.90 09.10 07.30 211 1007.8  11.0  11.3 999.0 21.1
91 12 06 09 192 10.2 13.5 04.40 10.00 07.90 237 1007.7  11.0  11.3 999.0 23.7
91 12 06 10 196 10.5 13.3 04.30 10.00 08.00 250 1007.1  11.0  11.1 999.0 25.0
91 12 06 11 187 09.9 12.8 04.30 14.30 08.10 278 1006.4  11.0  11.3 999.0 27.8
91 12 06 12 192 08.6 11.6 99.00 99.00 99.00 999 1005.7  11.0  11.3 999.0 99.0
91 12 06 13 190 11.6 15.0 04.80 12.50 08.50 285 1004.7  11.3  11.3 999.0 28.5
91 12 06 14 190 09.8 11.9 05.30 14.30 09.10 284 1004.7  11.4  11.3 999.0 28.4
91 12 06 15 199 09.1 12.0 05.30 14.30 09.10 284 1004.7  11.7  11.3 999.0 28.4
91 12 06 16 190 08.2 09.9 06.30 14.30 10.20 282 1004.2  11.4  11.3 999.0 28.2
91 12 06 17 195 07.1 09.5 05.40 14.30 09.40 284 1004.3  11.4  11.4 999.0 28.4
91 12 06 18 196 08.2 10.6 05.60 14.30 09.50 283 1004.0  11.3  11.4 999.0 28.3
91 12 06 19 257 05.7 08.0 04.50 14.30 09.00 286 1004.2  11.0  11.4 999.0 28.6
91 12 06 20 286 05.8 07.8 05.00 14.30 09.50 288 1004.6  10.3  11.4 999.0 28.8
91 12 06 21 258 06.1 08.1 99.00 99.00 99.00 999 1004.9  10.9  11.4 999.0 99.0
91 12 06 22 233 06.0 07.9 04.60 14.30 09.90 275 1005.5  11.3  11.3 999.0 27.5
91 12 06 23 234 05.7 07.5 05.00 14.30 10.00 278 1006.0  11.7  11.4 999.0 27.8
91 12 07 00 258 05.7 07.8 04.80 12.50 10.00 281 1006.6  11.8  11.3 999.0 28.1
91 12 07 01 268 04.9 06.7 04.80 16.70 10.30 277 1007.2  11.0  11.3 999.0 27.7
91 12 07 02 224 03.3 04.6 04.40 14.30 10.10 276 1007.9  11.0  11.3 999.0 27.6
91 12 07 03 225 03.6 05.2 04.50 14.30 10.30 278 1008.4  11.3  11.3 999.0 27.8
91 12 07 04 206 03.1 04.4 04.80 14.30 10.30 279 1008.6  11.4  11.3 999.0 27.9
91 12 07 05 192 07.7 10.2 04.50 14.30 10.00 277 1008.8  11.3  11.3 999.0 27.7
91 12 07 06 222 06.1 09.0 05.40 16.70 10.90 273 1009.8  08.9  11.3 999.0 27.3
91 12 07 07 255 04.9 06.9 05.10 16.70 10.20 277 1009.9  09.8  11.3 999.0 27.7
91 12 07 08 257 06.9 08.9 99.00 99.00 99.00 999 1010.7  09.5  11.3 999.0 99.0
91 12 07 09 265 06.1 07.8 05.20 14.30 10.10 279 1011.1  10.2  11.3 999.0 27.9
91 12 07 10 283 06.5 08.5 05.10 14.30 10.10 279 1011.8  10.6  11.3 999.0 27.9
91 12 07 11 303 06.6 08.7 04.60 14.30 09.60 283 1012.6  11.0  11.3 999.0 28.3
91 12 07 12 288 06.1 08.5 04.50 16.70 09.40 287 1013.3  09.8  11.3 999.0 28.7
91 12 07 13 296 07.0 09.1 04.30 14.30 09.00 287 1014.0  11.0  11.3 999.0 28.7
91 12 07 14 304 08.0 10.4 04.60 14.30 09.40 281 1014.8  10.9  11.3 999.0 28.1
91 12 07 15 297 07.6 09.5 04.00 14.30 09.10 278 1015.8  10.6  11.3 999.0 27.8
91 12 07 16 304 06.7 09.6 04.10 12.50 09.00 282 1016.7  10.6  11.3 999.0 28.2
91 12 07 17 302 07.1 09.6 04.20 14.30 09.50 274 1018.0  10.5  11.3 999.0 27.4
91 12 07 18 308 06.0 08.0 03.60 16.70 09.00 274 1018.9  10.9  11.3 999.0 27.4
91 12 07 19 300 04.4 06.1 03.80 12.50 09.40 274 1019.6  10.2  11.3 999.0 27.4
91 12 07 20 325 04.7 06.3 03.70 14.30 09.70 276 1019.8  11.0  11.3 999.0 27.6
91 12 07 21 290 03.1 04.5 03.90 14.30 09.90 278 1020.0  11.0  11.3 999.0 27.8
91 12 07 22 268 03.7 05.6 03.90 14.30 09.90 270 1020.1  11.3  11.3 999.0 27.0
91 12 07 23 278 04.1 06.0 05.00 14.30 10.40 276 1020.4  11.3  11.3 999.0 27.6
91 12 08 00 264 04.4 06.3 05.00 14.30 10.40 274 1021.2  11.1  11.3 999.0 27.4
91 12 08 01 249 03.7 06.3 05.00 12.50 10.10 269 1021.9  11.0  11.3 999.0 26.9
91 12 08 02 225 04.2 06.0 05.10 12.50 09.90 268 1021.9  11.0  11.3 999.0 26.8
91 12 08 03 211 05.9 07.6 05.10 14.30 09.90 281 1022.0  11.0  11.3 999.0 28.1
91 12 08 04 214 05.8 07.8 05.50 16.70 10.40 288 1022.4  10.2  11.3 999.0 28.8
91 12 08 05 200 06.6 07.9 05.60 16.70 10.90 283 1022.5  10.5  11.3 999.0 28.3
91 12 08 06 207 06.7 08.1 06.20 16.70 11.30 289 1022.4  10.9  11.3 999.0 28.9
91 12 08 07 213 06.5 08.6 05.30 14.30 10.60 288 1022.5  11.0  11.3 999.0 28.8
91 12 08 08 220 05.9 07.8 06.60 16.70 11.90 284 1022.7  10.9  11.3 999.0 28.4
91 12 08 09 214 05.9 07.2 04.70 14.30 10.20 283 1022.5  10.6  11.3 999.0 28.3
91 12 08 10 205 05.2 06.7 04.90 14.30 10.30 280 1023.0  10.7  11.3 999.0 28.0
91 12 08 11 247 03.8 05.6 04.80 14.30 10.20 289 1023.1  10.2  11.3 999.0 28.9
91 12 08 12 237 03.2 04.9 04.70 16.70 10.70 285 1023.5  10.5  11.3 999.0 28.5
91 12 08 13 218 03.9 05.3 04.60 16.70 10.70 287 1023.3  11.0  11.3 999.0 28.7
91 12 08 14 219 03.4 05.0 05.40 16.70 11.50 285 1023.9  11.0  11.3 999.0 28.5
91 12 08 15 233 03.4 05.1 04.60 14.30 10.30 292 1024.3  11.3  11.3 999.0 29.2
91 12 08 16 227 02.9 04.8 04.70 14.30 10.60 281 1025.0  11.3  11.3 999.0 28.1
91 12 08 17 193 03.2 04.3 04.60 16.70 10.50 294 1025.2  11.2  11.3 999.0 29.4
91 12 08 18 177 06.4 08.6 04.90 14.30 10.30 298 1026.0  10.2  11.3 999.0 29.8
91 12 08 19 183 07.6 09.7 05.00 14.30 10.20 312 1026.2  09.7  11.3 999.0 31.2
91 12 08 20 170 07.4 09.9 04.50 14.30 09.50 301 1025.7  09.5  11.3 999.0 30.1
91 12 08 21 183 06.3 08.1 04.30 14.30 09.40 304 1025.8  09.8  11.3 999.0 30.4
91 12 08 22 185 05.8 07.3 04.00 12.50 08.90 303 1025.5  10.3  11.3 999.0 30.3
91 12 08 23 182 04.2 05.4 04.50 14.30 09.70 301 1025.4  10.6  11.3 999.0 30.1
91 12 09 00 218 03.6 04.7 04.40 14.30 09.80 295 1025.8  11.0  11.3 999.0 29.5
91 12 09 01 226 02.8 03.8 04.20 14.30 09.70 298 1025.6  11.0  11.3 999.0 29.8
91 12 09 02 200 03.7 04.9 03.90 14.30 09.60 294 1025.8  11.3  11.2 999.0 29.4
91 12 09 03 156 03.6 05.9 03.50 14.30 09.80 287 1025.5  11.3  11.0 999.0 28.7
91 12 09 04 167 05.1 06.9 03.60 14.30 09.80 283 1025.5  10.6  11.0 999.0 28.3
91 12 09 05 180 05.1 06.3 04.10 14.30 10.40 292 1025.5  10.5  11.0 999.0 29.2
91 12 09 06 178 05.1 06.5 03.50 14.30 10.00 287 1025.4  10.5  11.0 999.0 28.7
91 12 09 07 186 04.7 06.1 03.90 14.30 10.30 289 1025.1  10.5  11.0 999.0 28.9
91 12 09 08 180 04.7 05.8 03.80 14.30 10.00 286 1025.1  10.5  11.0 999.0 28.6
91 12 09 09 173 05.4 06.9 99.00 99.00 99.00 999 1024.9  10.4  11.0 999.0 99.0
91 12 09 10 166 06.2 08.0 03.40 14.30 09.30 291 1024.5  10.3  11.0 999.0 29.1
91 12 09 11 167 06.5 08.7 03.50 14.30 09.70 290 1024.5  10.2  11.0 999.0 29.0
91 12 09 12 174 06.3 08.1 03.50 12.50 09.20 292 1024.3  10.3  11.0 999.0 29.2
91 12 09 13 170 06.7 08.5 03.80 14.30 09.80 297 1024.0  10.2  11.0 999.0 29.7
91 12 09 14 173 07.5 09.6 03.60 12.50 08.90 289 1023.8  10.2  11.0 999.0 28.9
91 12 09 15 177 08.6 10.7 03.90 12.50 09.00 288 1023.6  10.2  11.0 999.0 28.8
91 12 09 16 183 08.5 11.2 04.00 12.50 09.10 303 1023.6  10.2  11.0 999.0 30.3
91 12 09 17 182 08.3 10.4 04.30 12.50 09.50 297 1023.7  09.8  11.0 999.0 29.7
91 12 09 18 195 08.5 10.0 04.30 14.30 09.40 293 1024.2  09.8  11.0 999.0 29.3
91 12 09 19 213 06.2 08.7 04.70 12.50 09.90 300 1024.4  10.5  11.0 999.0 30.0
91 12 09 20 236 03.8 05.8 05.00 16.70 10.70 302 1024.5  11.0  10.9 999.0 30.2
91 12 09 21 258 02.4 04.3 05.20 16.70 11.70 302 1024.3  11.4  11.0 999.0 30.2
91 12 09 22 282 02.6 04.8 05.30 14.30 11.90 299 1024.4  11.4  11.0 999.0 29.9
91 12 09 23 336 05.3 07.7 05.50 16.70 12.80 303 1024.8  10.9  10.9 999.0 30.3
91 12 10 00 337 05.8 07.9 04.50 14.30 11.50 302 1025.1  11.3  11.0 999.0 30.2
91 12 10 01 360 06.2 08.2 06.00 16.70 12.30 305 1025.6  10.3  11.0 999.0 30.5
91 12 10 02 360 06.1 07.9 05.50 14.30 11.70 305 1026.2  10.6  11.0 999.0 30.5
91 12 10 03 013 06.3 07.9 05.10 16.70 11.10 303 1026.8  10.6  11.0 999.0 30.3
91 12 10 04 011 06.5 08.1 05.00 16.70 11.10 300 1027.2  10.5  11.0 999.0 30.0
91 12 10 05 003 07.2 09.0 05.00 14.30 10.70 302 1027.5  10.5  11.0 999.0 30.2
91 12 10 06 015 06.8 09.2 05.40 12.50 10.80 298 1028.0  10.2  11.0 999.0 29.8
91 12 10 07 031 05.8 07.8 05.00 14.30 10.60 296 1027.9  10.2  11.0 999.0 29.6
91 12 10 08 022 06.3 08.2 05.00 14.30 10.30 295 1028.1  09.8  11.0 999.0 29.5
91 12 10 09 029 05.9 07.4 04.80 14.30 10.10 302 1027.7  09.7  11.0 999.0 30.2
91 12 10 10 020 05.9 07.5 04.60 14.30 10.00 296 1027.8  09.5  11.0 999.0 29.6
91 12 10 11 029 06.1 08.0 04.80 14.30 10.00 296 1028.0  09.5  11.0 999.0 29.6
91 12 10 12 035 06.1 07.6 04.40 14.30 10.10 297 1027.8  09.2  10.9 999.0 29.7
91 12 10 13 038 05.5 06.8 04.50 16.70 10.40 304 1027.5  09.0  10.9 999.0 30.4
91 12 10 14 051 04.1 05.7 03.90 16.70 09.80 315 1027.7  08.6  10.6 999.0 31.5
91 12 10 15 067 03.2 05.4 04.30 14.30 10.70 297 1028.1  07.9  10.6 999.0 29.7
91 12 10 16 075 03.5 06.0 04.30 14.30 10.80 302 1027.5  07.9  10.6 999.0 30.2
91 12 10 17 061 03.8 05.7 04.40 16.70 11.40 315 1027.5  07.9  10.6 999.0 31.5
91 12 10 18 054 03.9 05.8 04.40 14.30 11.30 303 1027.3  08.3  10.6 999.0 30.3
91 12 10 19 035 02.7 04.3 04.50 14.30 11.60 308 1026.9  08.6  10.6 999.0 30.8
91 12 10 20 023 03.3 04.2 04.00 14.30 11.20 301 1025.8  08.7  10.6 999.0 30.1
91 12 10 21 020 04.7 06.9 04.20 14.30 11.10 308 1025.1  08.7  10.6 999.0 30.8
91 12 10 22 025 04.2 05.5 04.20 14.30 11.20 303 1024.0  08.6  10.6 999.0 30.3
91 12 10 23 023 04.8 06.3 04.30 14.30 10.90 305 1023.2  08.7  10.6 999.0 30.5
91 12 11 00 037 04.3 05.9 03.90 14.30 10.40 311 1022.7  08.7  10.6 999.0 31.1
91 12 11 01 013 04.4 05.6 03.90 14.30 10.10 316 1022.7  08.7  10.6 999.0 31.6
91 12 11 02 015 03.9 04.8 03.70 14.30 09.90 305 1022.1  08.7  10.6 999.0 30.5
91 12 11 03 019 03.3 04.5 03.70 12.50 09.90 306 1021.6  08.7  10.9 999.0 30.6
91 12 11 04 003 02.9 04.3 03.60 14.30 09.60 313 1022.0  08.8  11.0 999.0 31.3
91 12 11 05 022 01.7 02.9 03.70 12.50 09.90 303 1021.5  08.7  11.0 999.0 30.3
91 12 11 06 147 02.0 03.7 03.20 14.30 09.90 307 1021.0  08.3  11.0 999.0 30.7
91 12 11 07 237 01.7 02.9 02.70 14.30 09.40 300 1020.5  08.6  11.0 999.0 30.0
91 12 11 08 266 01.8 03.5 02.70 14.30 09.80 305 1020.8  08.9  11.0 999.0 30.5
91 12 11 09 191 03.0 04.6 02.80 14.30 10.30 300 1019.5  09.0  11.0 999.0 30.0
91 12 11 10 198 04.5 06.2 03.50 14.30 11.30 306 1018.9  09.4  10.5 999.0 30.6
91 12 11 11 185 06.4 08.4 03.00 14.30 10.50 312 1018.0  09.4  10.3 999.0 31.2
91 12 11 12 180 08.1 09.7 03.30 14.30 10.10 306 1017.5  08.7  10.3 999.0 30.6
91 12 11 13 182 09.3 11.3 03.10 12.50 08.70 307 1017.1  08.7  10.3 999.0 30.7
91 12 11 14 185 09.1 11.6 03.90 12.50 08.90 305 1017.0  08.7  10.5 999.0 30.5
91 12 11 15 188 09.6 11.4 03.60 12.50 08.20 297 1016.6  09.0  10.6 999.0 29.7
91 12 11 16 196 08.2 09.8 04.30 12.50 08.80 309 1016.9  09.7  10.6 999.0 30.9
91 12 11 17 254 04.6 06.0 04.50 12.50 08.70 304 1017.2  10.5  10.5 999.0 30.4
91 12 11 18 248 05.3 07.1 04.70 14.30 09.10 301 1017.3  10.6  10.6 999.0 30.1
91 12 11 19 225 05.1 06.6 05.00 14.30 09.30 302 1017.4  10.9  10.5 999.0 30.2
91 12 11 20 233 05.0 06.5 04.40 14.30 09.30 302 1017.3  11.0  10.5 999.0 30.2
91 12 11 21 239 05.5 06.8 04.40 14.30 09.30 298 1016.7  11.0  10.5 999.0 29.8
91 12 11 22 241 05.1 06.6 04.20 12.50 08.90 293 1016.5  11.0  10.6 999.0 29.3
91 12 11 23 251 04.5 05.9 04.00 14.30 09.30 288 1016.8  11.0  10.6 999.0 28.8
91 12 12 00 250 03.7 05.2 04.70 14.30 10.10 292 1017.4  11.0  10.6 999.0 29.2
91 12 12 01 224 03.5 04.4 04.40 14.30 09.90 300 1017.4  11.0  10.6 999.0 30.0
91 12 12 02 231 04.1 05.4 03.70 14.30 09.30 292 1017.9  11.0  10.6 999.0 29.2
91 12 12 03 252 04.2 05.8 04.00 12.50 09.70 299 1018.2  11.0  10.6 999.0 29.9
91 12 12 04 236 04.3 05.6 04.00 14.30 09.90 296 1018.4  11.0  10.6 999.0 29.6
91 12 12 05 235 04.9 06.5 04.50 14.30 10.10 299 1018.7  11.0  10.6 999.0 29.9
91 12 12 06 225 05.1 06.4 03.90 14.30 09.50 298 1018.8  11.0  10.3 999.0 29.8
91 12 12 07 222 06.0 07.5 04.70 14.30 09.90 298 1018.5  11.0  10.2 999.0 29.8
91 12 12 08 220 07.2 09.0 04.40 12.50 09.50 294 1018.0  11.0  10.2 999.0 29.4
91 12 12 10 216 08.3 10.3 03.80 14.30 08.60 299 1017.9  11.0  10.2 999.0 29.9
91 12 12 11 208 08.4 10.7 04.40 14.30 09.00 292 1017.8  11.0  10.2 999.0 29.2
91 12 12 12 221 09.3 11.6 04.00 12.50 08.60 294 1017.4  11.0  10.5 999.0 29.4
91 12 12 13 216 07.6 09.4 99.00 99.00 99.00 999 1017.4  11.0  10.5 999.0 99.0
91 12 12 14 235 07.6 10.4 03.60 14.30 08.30 297 1017.7  11.0  10.5 999.0 29.7
91 12 12 15 253 05.3 07.0 03.80 14.30 08.30 297 1018.1  10.5  10.5 999.0 29.7
91 12 12 16 253 08.3 11.2 03.90 14.30 08.80 288 1018.9  10.5  10.5 999.0 28.8
91 12 12 18 274 07.5 09.6 04.20 16.70 08.70 291 1020.7  11.7  10.5 999.0 29.1
91 12 12 19 272 07.9 10.5 04.00 16.70 08.50 291 1021.7  11.4  10.5 999.0 29.1
91 12 12 20 277 08.0 10.5 04.20 16.70 08.90 292 1022.0  11.5  10.5 999.0 29.2
91 12 12 21 276 07.5 09.7 03.80 14.30 08.00 290 1022.3  11.4  10.5 999.0 29.0
91 12 12 22 300 07.7 09.7 04.80 11.10 08.90 294 1023.0  10.4  10.5 999.0 29.4
91 12 12 23 322 09.0 11.3 05.10 12.50 09.30 302 1023.8  10.9  10.5 999.0 30.2
91 12 13 00 325 08.5 11.0 05.90 12.50 09.30 301 1025.0  10.6  10.5 999.0 30.1
91 12 13 01 327 08.6 11.2 05.60 12.50 09.40 300 1026.0  10.3  10.5 999.0 30.0
91 12 13 02 333 07.2 09.3 05.90 12.50 09.40 301 1027.0  10.2  10.5 999.0 30.1
91 12 13 03 335 06.9 08.9 06.10 12.50 09.70 299 1028.2  09.8  10.5 999.0 29.9
91 12 13 04 334 06.8 08.8 05.40 14.30 09.70 303 1029.6  09.8  10.5 999.0 30.3
91 12 13 05 350 05.6 07.6 06.30 14.30 10.20 304 1029.9  09.7  10.5 999.0 30.4
91 12 13 06 002 05.9 07.8 06.10 16.70 09.90 304 1029.8  09.7  10.5 999.0 30.4
91 12 13 07 355 05.3 07.2 05.70 14.30 10.20 304 1030.3  09.5  10.5 999.0 30.4
91 12 13 08 021 04.6 06.5 05.90 14.30 10.60 300 1030.5  09.8  10.5 999.0 30.0
91 12 13 09 005 05.5 06.6 05.40 16.70 10.50 297 1030.7  09.7  10.5 999.0 29.7
91 12 13 10 032 04.8 07.1 05.50 16.70 10.40 299 1030.9  09.2  10.5 999.0 29.9
91 12 13 11 026 04.2 05.9 05.30 16.70 10.40 300 1031.1  09.1  10.5 999.0 30.0
91 12 13 12 042 04.9 07.0 04.90 14.30 10.00 296 1030.9  09.0  10.5 999.0 29.6
91 12 13 13 068 04.4 07.0 04.90 14.30 10.10 300 1030.8  08.2  10.5 999.0 30.0
91 12 13 14 068 05.6 08.7 05.10 14.30 10.30 296 1030.6  08.5  10.5 999.0 29.6
91 12 13 15 080 05.0 07.7 05.20 14.30 10.70 300 1031.1  07.8  10.5 999.0 30.0
91 12 13 16 079 06.2 09.1 05.20 14.30 10.50 295 1031.0  07.9  10.5 999.0 29.5
91 12 13 17 073 07.2 09.7 99.00 99.00 99.00 999 1030.8  08.2  10.5 999.0 99.0
91 12 13 18 999 99.0 99.0 05.00 14.30 10.30 304 1030.3  07.9  10.5 999.0 30.4
91 12 13 19 060 08.2 11.4 99.00 99.00 99.00 999 1029.7  07.9  10.5 999.0 99.0
91 12 13 20 049 07.1 09.1 04.50 14.30 10.00 300 1028.6  08.2  10.5 999.0 30.0
91 12 13 21 040 06.2 08.4 04.00 14.30 09.70 299 1027.5  08.6  10.5 999.0 29.9
91 12 13 22 022 07.0 08.5 04.30 14.30 10.00 298 1026.5  08.6  10.5 999.0 29.8
91 12 13 23 025 07.9 09.3 03.30 14.30 09.10 293 1025.6  09.1  10.5 999.0 29.3
91 12 14 00 033 07.8 09.4 03.80 14.30 09.10 295 1024.9  09.0  10.5 999.0 29.5
91 12 14 01 034 06.0 99.0 03.80 14.30 09.50 300 1024.4  09.0  10.5 999.0 30.0
91 12 14 02 062 05.6 07.4 99.00 99.00 99.00 999 1023.8  08.6  10.5 999.0 99.0
91 12 14 03 056 05.7 07.2 03.50 16.70 09.60 293 1023.7  08.3  10.5 999.0 29.3
91 12 14 04 056 06.1 07.8 03.50 16.70 09.80 297 1024.0  08.3  10.5 999.0 29.7
91 12 14 05 055 06.5 07.9 03.10 16.70 09.50 297 1023.9  08.6  10.5 999.0 29.7
91 12 14 06 069 06.1 07.6 99.00 99.00 99.00 999 1023.7  08.2  10.5 999.0 99.0
91 12 14 07 083 05.9 07.9 03.00 14.30 09.30 295 1023.6  07.5  10.5 999.0 29.5
91 12 14 08 083 04.0 05.7 03.10 14.30 09.50 301 1023.7  07.5  10.5 999.0 30.1
91 12 14 09 101 04.5 06.9 03.20 14.30 09.80 300 1023.4  07.8  10.5 999.0 30.0
91 12 14 11 075 05.4 06.9 99.00 99.00 99.00 999 1023.5  07.5  10.5 999.0 99.0
91 12 14 12 077 04.7 05.7 99.00 99.00 99.00 999 1022.9  07.6  10.5 999.0 99.0
91 12 14 13 089 04.7 06.2 02.70 14.30 09.10 289 1022.7  07.5  10.5 999.0 28.9
91 12 14 14 087 05.0 06.3 02.30 14.30 08.70 288 1023.3  07.9  10.5 999.0 28.8
91 12 14 15 074 05.4 06.7 02.20 12.50 08.10 289 1023.5  07.9  10.5 999.0 28.9
91 12 14 16 071 06.5 08.4 02.00 14.30 07.80 293 1024.0  07.6  10.5 999.0 29.3
91 12 14 17 101 06.5 08.0 02.00 14.30 07.50 301 1024.1  07.9  10.5 999.0 30.1
91 12 14 18 085 04.6 06.0 02.10 14.30 08.00 285 1024.8  08.3  10.5 999.0 28.5
91 12 14 19 090 03.9 04.9 02.10 14.30 08.60 286 1024.8  08.3  10.5 999.0 28.6
91 12 14 20 093 03.1 04.4 02.00 14.30 08.60 281 1024.5  08.7  10.5 999.0 28.1
91 12 14 21 077 03.5 05.0 01.90 14.30 08.60 283 1023.8  09.4  10.5 999.0 28.3
91 12 14 22 105 02.1 03.1 01.90 12.50 08.70 287 1023.6  09.7  10.5 999.0 28.7
91 12 14 23 106 02.3 03.0 01.70 14.30 08.50 284 1023.5  10.2  10.3 999.0 28.4
91 12 15 00 104 01.9 02.7 01.60 14.30 08.30 289 1023.3  10.2  10.2 999.0 28.9
91 12 15 01 126 02.3 03.2 01.90 14.30 09.10 283 1022.7  09.8  10.2 999.0 28.3
91 12 15 02 074 03.4 04.6 01.50 14.30 08.90 300 1022.5  10.2  10.2 999.0 30.0
91 12 15 03 077 03.6 04.8 01.40 14.30 08.30 286 1022.6  09.7  10.2 999.0 28.6
91 12 15 04 075 05.5 06.9 01.50 14.30 07.60 279 1022.7  09.0  10.2 999.0 27.9
91 12 15 05 071 06.5 08.4 01.80 14.30 08.60 290 1023.0  08.9  10.3 999.0 29.0
91 12 15 06 063 05.9 07.2 01.50 14.30 07.50 290 1023.3  09.0  10.3 999.0 29.0
91 12 15 07 073 04.2 05.4 01.40 14.30 08.10 285 1023.5  08.7  10.5 999.0 28.5
91 12 15 08 082 05.3 06.7 01.40 14.30 07.90 278 1023.3  08.7  10.3 999.0 27.8
91 12 15 09 111 04.5 05.7 01.60 14.30 08.50 286 1022.8  08.6  10.2 999.0 28.6
91 12 15 10 114 05.2 06.5 01.50 14.30 08.40 281 1022.7  08.7  10.2 999.0 28.1
91 12 15 11 153 04.9 06.2 01.60 14.30 08.70 280 1022.7  09.2  10.2 999.0 28.0
91 12 15 12 103 03.6 04.5 01.60 14.30 09.10 285 1022.6  08.3  10.2 999.0 28.5
91 12 15 13 095 03.4 04.5 01.50 14.30 08.90 276 1022.7  07.9  10.2 999.0 27.6
91 12 15 14 080 03.4 04.4 01.50 14.30 09.20 280 1022.6  07.8  10.2 999.0 28.0
91 12 15 15 137 01.6 02.2 01.60 14.30 09.20 277 1022.7  07.8  10.2 999.0 27.7
91 12 15 16 079 01.5 02.4 01.60 14.30 09.40 273 1022.7  07.8  10.2 999.0 27.3
91 12 15 17 086 02.7 03.8 01.60 14.30 09.90 285 1022.7  07.8  09.8 999.0 28.5
91 12 15 18 092 03.6 05.0 02.00 14.30 11.00 280 1022.9  07.9  09.8 999.0 28.0
91 12 15 19 079 02.0 03.0 02.10 14.30 11.40 271 1023.3  08.2  09.8 999.0 27.1
91 12 15 20 099 03.3 04.4 02.00 14.30 10.90 277 1022.8  08.2  09.8 999.0 27.7
91 12 15 21 072 02.4 03.4 02.60 14.30 11.80 279 1022.4  08.3  10.1 999.0 27.9
91 12 15 22 017 03.7 04.5 02.20 14.30 10.90 277 1022.0  08.7  10.2 999.0 27.7
91 12 15 23 036 03.6 04.8 02.00 14.30 11.10 271 1021.7  09.0  09.9 999.0 27.1
91 12 16 00 039 02.5 03.4 02.00 12.50 11.30 274 1021.9  08.9  09.9 999.0 27.4
91 12 16 01 020 03.4 04.3 02.30 14.30 12.10 274 1022.0  09.0  10.2 999.0 27.4
91 12 16 02 038 03.1 04.1 02.40 14.30 11.80 274 1021.8  09.2  10.2 999.0 27.4
91 12 16 03 067 03.4 04.7 02.20 12.50 11.70 275 1021.1  09.4  10.2 999.0 27.5
91 12 16 04 073 02.8 04.4 02.00 14.30 11.30 282 1021.5  09.1  10.2 999.0 28.2
91 12 16 05 081 02.1 03.2 02.20 12.50 11.20 278 1021.8  08.7  09.9 999.0 27.8
91 12 16 06 075 02.9 04.6 02.10 12.50 11.00 278 1021.8  08.6  09.8 999.0 27.8
91 12 16 07 065 03.4 04.6 02.20 12.50 10.70 280 1021.4  08.6  09.8 999.0 28.0
91 12 16 08 063 03.5 04.5 02.10 12.50 10.40 280 1021.2  08.3  09.7 999.0 28.0
91 12 16 09 052 02.7 03.8 02.50 12.50 11.20 275 1021.1  08.4  09.7 999.0 27.5
91 12 16 10 028 02.7 04.0 02.30 12.50 11.50 274 1021.0  08.6  09.6 999.0 27.4
91 12 16 11 045 03.7 04.9 02.20 12.50 11.30 278 1020.7  08.3  09.7 999.0 27.8
91 12 16 12 066 04.4 05.5 02.30 12.50 11.20 275 1020.3  08.3  09.7 999.0 27.5
91 12 16 13 069 04.7 06.4 02.60 12.50 11.30 274 1019.7  07.8  09.7 999.0 27.4
91 12 16 14 060 05.3 06.5 02.30 12.50 10.20 283 1019.5  07.8  09.8 999.0 28.3
91 12 16 15 052 04.7 06.1 02.50 12.50 10.70 278 1019.5  08.3  09.8 999.0 27.8
91 12 16 16 048 04.8 06.3 02.30 20.00 10.50 303 1019.4  08.3  10.2 999.0 30.3
91 12 16 17 066 03.9 05.3 02.20 20.00 10.70 295 1019.0  08.3  10.2 999.0 29.5
91 12 16 18 091 04.0 05.4 02.30 20.00 11.30 290 1019.4  08.3  10.2 999.0 29.0
91 12 16 19 083 05.0 07.7 02.20 16.70 10.40 300 1019.0  08.7  10.3 999.0 30.0
91 12 16 20 079 03.5 05.4 02.80 16.70 12.00 302 1018.6  09.0  10.2 999.0 30.2
91 12 16 21 086 04.1 05.8 02.30 16.70 10.70 295 1017.5  09.5  10.2 999.0 29.5
91 12 16 22 111 02.6 04.1 03.10 16.70 12.30 299 1017.4  09.7  10.2 999.0 29.9
91 12 16 23 088 02.7 03.9 02.80 16.70 12.00 301 1017.0  10.2  10.2 999.0 30.1
91 12 17 00 086 03.2 04.7 03.60 16.70 13.00 299 1016.4  09.9  10.2 999.0 29.9
91 12 17 01 108 03.8 05.6 02.60 14.30 11.60 295 1016.3  10.2  10.2 999.0 29.5
91 12 17 02 085 04.6 06.6 02.90 14.30 11.30 298 1015.7  09.7  10.2 999.0 29.8
91 12 17 03 095 04.4 06.1 99.00 99.00 99.00 999 1015.4  09.7  10.2 999.0 99.0
91 12 17 04 086 04.6 06.3 02.90 14.30 11.00 301 1015.2  09.1  10.2 999.0 30.1
91 12 17 05 097 04.4 06.3 02.70 16.70 10.40 292 1015.2  09.0  10.2 999.0 29.2
91 12 17 06 095 05.0 07.0 03.30 14.30 11.10 300 1014.7  09.2  10.2 999.0 30.0
91 12 17 07 097 05.3 07.7 03.00 14.30 11.10 286 1014.5  09.0  10.2 999.0 28.6
91 12 17 08 101 04.1 05.9 02.50 14.30 09.80 295 1014.1  09.0  10.2 999.0 29.5
91 12 17 09 115 04.2 06.0 02.50 14.30 10.10 293 1013.7  09.4  10.2 999.0 29.3
91 12 17 10 129 03.8 05.1 02.50 14.30 10.30 282 1013.6  09.7  09.7 999.0 28.2
91 12 17 11 119 04.2 05.6 02.70 14.30 10.50 283 1013.6  09.5  09.7 999.0 28.3
91 12 17 12 108 05.4 07.3 02.40 16.70 09.90 291 1013.0  09.4  09.7 999.0 29.1
91 12 17 13 103 06.0 07.7 02.60 16.70 09.80 286 1012.4  08.6  09.7 999.0 28.6
91 12 17 14 101 07.0 08.8 02.60 16.70 09.70 281 1011.8  08.0  09.7 999.0 28.1
91 12 17 15 103 07.0 08.7 02.50 14.30 08.70 287 1011.4  08.0  09.7 999.0 28.7
91 12 17 16 109 07.0 09.1 02.80 14.30 09.70 288 1011.0  08.5  09.7 999.0 28.8
91 12 17 17 104 07.1 08.9 02.60 14.30 09.10 291 1010.9  08.6  09.7 999.0 29.1
91 12 17 18 104 07.1 09.8 02.30 14.30 08.20 299 1010.8  08.3  09.7 999.0 29.9
91 12 17 19 121 06.5 08.4 02.60 14.30 08.60 290 1010.9  09.4  09.8 999.0 29.0
91 12 17 20 152 07.7 09.5 02.70 14.30 08.90 288 1010.5  09.8  09.8 999.0 28.8
91 12 17 21 173 04.8 06.3 02.50 14.30 08.20 285 1008.8  10.2  09.8 999.0 28.5
91 12 17 22 142 06.3 08.6 02.40 14.30 08.40 288 1008.0  10.5  09.8 999.0 28.8
91 12 17 23 155 05.8 07.6 02.30 12.50 08.20 285 1008.0  10.6  09.8 999.0 28.5
91 12 18 00 164 04.6 05.9 02.20 12.50 08.30 283 1007.8  10.5  09.8 999.0 28.3
91 12 18 01 128 05.4 07.4 02.40 14.30 08.90 283 1007.4  10.5  09.8 999.0 28.3
91 12 18 02 163 08.1 10.7 02.20 14.30 08.10 277 1006.7  10.9  09.8 999.0 27.7
91 12 18 03 156 09.2 12.7 02.20 14.30 07.10 292 1005.7  11.0  09.8 999.0 29.2
91 12 18 04 161 08.5 11.2 02.30 14.30 07.10 287 1005.3  10.5  10.2 999.0 28.7
91 12 18 05 166 11.1 13.1 02.40 14.30 06.80 277 1004.5  09.8  10.2 999.0 27.7
91 12 18 06 154 08.5 11.2 02.30 14.30 06.70 283 1003.4  09.7  10.2 999.0 28.3
91 12 18 07 146 08.3 11.1 02.30 14.30 06.60 292 1002.5  09.5  10.2 999.0 29.2
91 12 18 08 134 08.9 11.3 99.00 99.00 99.00 999 1001.3  09.4  10.2 999.0 99.0
91 12 18 09 137 08.7 12.2 02.70 12.50 06.80 288 1000.6  09.0  09.8 999.0 28.8
91 12 18 10 118 06.6 08.8 02.50 14.30 06.60 288 0999.9  08.7  09.8 999.0 28.8
91 12 18 11 157 08.6 11.7 02.70 12.50 06.80 284 1000.0  09.2  09.8 999.0 28.4
91 12 18 12 168 09.5 12.6 02.80 12.50 06.90 285 1000.1  09.5  09.8 999.0 28.5
91 12 18 13 224 07.6 09.9 02.60 12.50 06.60 290 1000.8  10.3  10.2 999.0 29.0
91 12 18 14 248 07.3 09.8 02.40 12.50 06.70 285 1001.9  09.8  10.2 999.0 28.5
91 12 18 15 264 07.6 09.6 02.40 12.50 06.50 288 1003.2  10.2  10.2 999.0 28.8
91 12 18 16 268 06.3 08.7 02.70 12.50 07.10 286 1004.1  10.2  09.8 999.0 28.6
91 12 18 17 262 05.3 06.9 02.50 12.50 06.90 291 1005.2  10.2  09.8 999.0 29.1
91 12 18 18 268 07.6 09.6 02.40 10.00 06.60 268 1006.4  09.5  10.2 999.0 26.8
91 12 18 19 281 08.2 10.2 02.50 08.30 06.60 217 1007.2  08.7  10.1 999.0 21.7
91 12 18 20 275 06.7 08.3 02.40 12.50 06.40 277 1008.0  08.3  10.1 999.0 27.7
91 12 18 21 269 04.1 05.5 02.50 14.30 06.70 289 1008.8  08.6  10.2 999.0 28.9
91 12 18 22 266 08.5 10.5 99.00 99.00 99.00 999 1009.7  08.6  10.2 999.0 99.0
91 12 18 23 312 06.9 08.4 02.50 09.10 06.70 237 1011.1  08.2  09.9 999.0 23.7
91 12 19 00 292 05.2 06.6 02.50 12.50 06.80 281 1012.5  08.2  09.8 999.0 28.1
91 12 19 01 325 07.3 09.2 03.00 12.50 07.20 281 1013.9  07.1  09.8 999.0 28.1
91 12 19 02 329 03.5 04.9 02.70 08.30 06.80 257 1014.7  07.1  09.8 999.0 25.7
91 12 19 03 317 04.4 05.5 02.60 12.50 07.10 287 1015.9  07.0  09.8 999.0 28.7
91 12 19 04 324 04.9 06.0 02.70 12.50 07.20 287 1017.3  07.8  09.8 999.0 28.7
91 12 19 05 327 03.5 05.0 02.80 08.30 07.40 265 1018.4  07.9  09.8 999.0 26.5
91 12 19 06 291 02.1 03.6 99.00 99.00 99.00 999 1019.6  08.2  09.8 999.0 99.0
91 12 19 07 337 05.4 08.2 03.30 09.10 07.70 262 1021.0  08.7  09.8 999.0 26.2
91 12 19 08 341 03.9 05.3 03.30 10.00 07.70 272 1022.0  08.8  09.8 999.0 27.2
91 12 19 09 332 01.0 02.8 03.20 09.10 07.50 262 1022.7  08.6  09.8 999.0 26.2
91 12 19 10 306 01.8 04.6 03.10 11.10 07.50 269 1023.9  08.7  09.8 999.0 26.9
91 12 19 11 283 03.3 04.6 03.20 09.10 07.90 276 1025.3  09.5  09.8 999.0 27.6
91 12 19 12 249 06.5 08.8 99.00 99.00 99.00 999 1025.7  09.4  09.8 999.0 99.0
91 12 19 13 207 03.0 04.1 03.30 11.10 08.40 270 1025.8  09.0  10.2 999.0 27.0
91 12 19 14 257 03.0 04.4 02.90 10.00 07.90 273 1026.6  09.4  09.8 999.0 27.3
91 12 19 15 252 02.5 03.8 03.30 12.50 09.10 278 1027.1  09.4  09.8 999.0 27.8
91 12 19 16 251 02.4 03.6 03.20 12.50 09.00 272 1027.6  09.4  09.8 999.0 27.2
91 12 19 17 235 01.9 03.1 03.30 12.50 08.90 272 1028.8  09.7  10.0 999.0 27.2
91 12 19 18 326 04.3 07.0 03.80 12.50 09.70 278 1029.8  08.7  10.1 999.0 27.8
91 12 19 19 144 06.2 09.1 04.10 12.50 09.60 290 1029.9  08.8  10.1 999.0 29.0
91 12 19 20 168 07.4 09.1 05.40 14.30 10.70 292 1029.3  08.7  10.2 999.0 29.2
91 12 19 22 178 06.3 07.9 05.00 12.50 10.10 291 1029.6  08.9  10.1 999.0 29.1
91 12 19 23 174 05.8 07.2 99.00 99.00 99.00 999 1029.5  09.0  09.8 999.0 99.0
91 12 20 00 167 05.0 06.1 04.10 12.50 09.20 286 1029.6  09.0  09.8 999.0 28.6
91 12 20 01 160 04.8 06.3 04.20 14.30 09.70 284 1029.6  08.9  09.8 999.0 28.4
91 12 20 02 151 04.0 06.0 04.00 14.30 09.40 285 1029.2  08.9  09.8 999.0 28.5
91 12 20 03 155 03.8 05.4 03.70 12.50 09.50 289 1029.0  08.9  10.1 999.0 28.9
91 12 20 04 132 03.6 05.5 03.90 14.30 10.30 305 1029.0  09.0  10.2 999.0 30.5
91 12 20 06 107 04.7 06.6 03.90 14.30 10.80 307 1028.2  08.3  10.2 999.0 30.7
91 12 20 07 103 05.0 06.8 04.00 14.30 10.60 311 1027.8  08.2  10.2 999.0 31.1
91 12 20 08 106 06.3 08.3 03.70 14.30 10.20 305 1027.2  08.1  10.2 999.0 30.5
91 12 20 09 111 06.6 09.2 03.90 14.30 10.60 308 1026.9  08.2  10.2 999.0 30.8
91 12 20 10 110 08.0 10.5 03.20 12.50 09.20 300 1026.2  07.6  10.2 999.0 30.0
91 12 20 11 110 07.5 10.0 03.20 12.50 08.80 308 1025.7  07.5  10.2 999.0 30.8
91 12 20 12 109 08.0 10.5 99.00 99.00 99.00 999 1024.7  07.8  10.2 999.0 99.0
91 12 20 13 104 07.0 09.2 03.10 14.30 08.70 309 1024.0  07.8  10.2 999.0 30.9
91 12 20 14 113 07.7 10.2 02.50 12.50 07.60 293 1023.5  08.2  10.2 999.0 29.3
91 12 20 15 111 07.9 09.8 02.50 12.50 07.50 286 1022.6  08.2  10.2 999.0 28.6
91 12 20 16 117 06.8 08.3 99.00 99.00 99.00 999 1022.2  08.3  10.2 999.0 99.0
91 12 20 17 119 07.0 09.1 99.00 99.00 99.00 999 1021.8  08.7  10.2 999.0 99.0
91 12 20 18 129 06.9 08.4 02.10 10.00 06.80 287 1021.1  09.4  10.2 999.0 28.7
91 12 20 19 139 06.0 07.2 02.00 10.00 06.30 291 1020.6  09.5  10.2 999.0 29.1
91 12 20 20 163 07.0 08.3 02.00 12.50 06.70 296 1019.9  09.7  10.2 999.0 29.6
91 12 20 21 159 08.2 09.4 99.00 99.00 99.00 999 1019.1  09.4  10.2 999.0 99.0
91 12 20 22 163 08.4 10.1 99.00 99.00 99.00 999 1018.8  09.0  09.9 999.0 99.0
91 12 20 23 169 08.6 10.1 01.90 09.10 06.30 269 1019.2  09.1  09.8 999.0 26.9
91 12 21 00 161 09.3 11.4 01.90 10.00 06.00 272 1018.6  09.4  10.2 999.0 27.2
91 12 21 01 161 10.5 12.3 02.00 10.00 05.90 267 1018.9  09.4  10.2 999.0 26.7
91 12 21 02 161 10.8 14.0 99.00 99.00 99.00 999 1018.2  09.6  10.2 999.0 99.0
91 12 21 03 161 11.0 13.1 02.30 10.00 05.90 267 1018.3  09.7  10.2 999.0 26.7
91 12 21 04 165 11.1 13.4 02.40 09.10 05.80 256 1018.0  09.7  10.2 999.0 25.6
91 12 21 05 174 10.4 13.1 02.70 10.00 06.10 274 1018.1  09.6  10.2 999.0 27.4
91 12 21 06 182 11.0 14.4 03.10 10.00 06.80 263 1018.1  09.4  10.2 999.0 26.3
91 12 21 07 178 10.7 13.2 03.60 12.50 07.40 271 1018.2  09.0  09.8 999.0 27.1
91 12 21 08 169 10.6 13.3 03.90 12.50 07.60 262 1018.3  08.6  09.8 999.0 26.2
91 12 21 09 163 11.0 13.3 04.80 14.30 08.90 276 1017.9  08.6  09.8 999.0 27.6
91 12 21 10 156 10.8 13.6 04.20 14.30 08.40 275 1017.7  08.3  09.8 999.0 27.5
91 12 21 11 155 11.0 13.7 04.70 12.50 08.80 268 1017.4  08.2  09.8 999.0 26.8
91 12 21 12 159 10.7 13.2 04.60 14.30 08.60 266 1017.3  08.3  09.8 999.0 26.6
91 12 21 13 158 10.4 12.8 99.00 99.00 99.00 999 1016.6  08.2  09.8 999.0 99.0
91 12 21 14 165 10.8 13.1 04.10 14.30 08.20 265 1016.7  07.9  09.8 999.0 26.5
91 12 21 15 162 09.9 12.7 04.00 14.30 08.20 261 1016.5  07.9  09.8 999.0 26.1
91 12 21 16 160 09.4 11.3 03.80 14.30 08.10 258 1016.3  08.0  09.8 999.0 25.8
91 12 21 17 160 08.6 11.5 03.60 14.30 07.80 261 1016.2  08.2  09.8 999.0 26.1
91 12 21 18 156 06.8 08.7 03.40 12.50 07.60 254 1016.3  08.6  09.8 999.0 25.4
91 12 21 19 159 06.6 08.7 03.60 12.50 08.10 252 1016.1  08.8  09.8 999.0 25.2
91 12 21 20 170 06.6 09.0 03.30 12.50 07.70 257 1015.7  08.9  09.8 999.0 25.7
91 12 21 21 177 06.5 08.6 03.70 14.30 08.50 261 1014.8  09.0  09.8 999.0 26.1
91 12 21 22 177 07.6 09.9 03.20 12.50 07.80 258 1014.3  09.4  09.8 999.0 25.8
91 12 21 23 170 06.6 09.2 03.30 14.30 07.90 273 1014.4  09.4  09.8 999.0 27.3
91 12 22 00 158 07.0 09.5 03.70 12.50 08.40 273 1014.6  09.0  09.8 999.0 27.3
91 12 22 01 157 06.9 09.6 03.40 12.50 08.10 272 1015.1  09.1  09.8 999.0 27.2
91 12 22 02 157 06.0 07.6 03.80 12.50 08.80 267 1015.6  09.5  09.8 999.0 26.7
91 12 22 03 153 04.2 06.1 03.70 12.50 08.70 270 1015.5  09.7  09.8 999.0 27.0
91 12 22 04 175 02.6 03.4 03.80 12.50 08.90 259 1015.8  10.1  09.8 999.0 25.9
91 12 22 05 154 04.4 06.8 03.30 12.50 08.80 261 1015.7  09.7  09.8 999.0 26.1
91 12 22 06 162 06.2 07.5 03.50 12.50 08.70 256 1016.0  09.4  09.8 999.0 25.6
91 12 22 07 166 06.7 08.6 03.60 16.70 09.10 273 1016.3  09.2  09.8 999.0 27.3
91 12 22 08 168 06.4 07.8 03.80 16.70 09.80 272 1016.5  09.4  09.8 999.0 27.2
91 12 22 09 151 05.7 07.4 03.70 16.70 09.90 272 1016.5  09.0  09.8 999.0 27.2
91 12 22 10 142 04.8 06.6 04.30 14.30 11.10 276 1016.6  09.0  09.8 999.0 27.6
91 12 22 11 135 05.6 07.9 04.00 14.30 10.90 273 1017.2  09.1  09.8 999.0 27.3
91 12 22 12 119 06.0 08.6 04.20 14.30 10.70 273 1017.4  09.0  09.8 999.0 27.3
91 12 22 13 123 03.2 04.9 04.10 14.30 10.90 279 1018.1  09.0  09.8 999.0 27.9
91 12 22 14 123 03.3 05.4 04.30 14.30 10.90 273 1018.2  09.0  09.8 999.0 27.3
91 12 22 15 125 04.0 06.4 03.90 14.30 10.30 273 1018.6  09.4  09.8 999.0 27.3
91 12 22 16 143 03.7 05.3 03.60 14.30 09.90 271 1019.0  09.4  09.8 999.0 27.1
91 12 22 17 133 03.5 05.1 04.90 12.50 10.90 277 1019.7  09.1  09.8 999.0 27.7
91 12 22 18 124 02.6 04.8 04.10 12.50 10.30 274 1020.4  09.5  09.8 999.0 27.4
91 12 22 19 123 03.7 05.5 04.10 12.50 10.60 285 1020.6  09.5  09.8 999.0 28.5
91 12 22 20 105 04.1 06.7 03.10 14.30 09.50 273 1020.5  09.5  09.8 999.0 27.3
91 12 22 21 116 01.7 03.3 03.40 14.30 10.20 272 1020.3  09.5  09.8 999.0 27.2
91 12 22 22 128 02.0 03.1 03.20 12.50 09.60 278 1020.0  09.7  09.8 999.0 27.8
91 12 22 23 114 01.1 02.3 02.60 14.30 08.80 280 1020.3  09.8  09.8 999.0 28.0
91 12 23 00 073 01.0 02.0 02.90 12.50 09.90 282 1020.6  09.8  09.8 999.0 28.2
91 12 23 01 037 01.4 02.5 02.80 12.50 09.40 286 1020.9  09.8  09.8 999.0 28.6
91 12 23 02 051 01.3 02.1 02.50 12.50 09.40 289 1021.1  09.7  09.8 999.0 28.9
91 12 23 03 059 01.8 02.7 02.50 12.50 09.50 294 1021.1  09.7  09.8 999.0 29.4
91 12 23 04 081 02.9 03.8 02.70 12.50 09.60 294 1021.0  09.6  09.8 999.0 29.4
91 12 23 05 092 02.8 04.2 02.10 12.50 08.80 284 1020.6  09.7  09.8 999.0 28.4
91 12 23 06 106 02.1 03.5 02.50 12.50 09.30 278 1021.0  09.4  09.8 999.0 27.8
91 12 23 07 138 01.8 02.9 02.60 12.50 09.50 281 1020.6  09.4  09.8 999.0 28.1
91 12 23 08 116 02.0 02.9 02.20 11.10 09.10 287 1020.4  09.4  09.8 999.0 28.7
91 12 23 09 095 03.2 04.5 02.20 11.10 09.00 284 1020.3  09.4  09.8 999.0 28.4
91 12 23 10 110 03.4 04.4 02.40 11.10 08.90 277 1020.2  09.0  09.8 999.0 27.7
91 12 23 11 120 02.9 03.8 02.20 11.10 08.90 278 1020.3  09.4  09.8 999.0 27.8
91 12 23 12 150 03.5 04.4 02.20 11.10 08.90 277 1020.2  09.5  09.8 999.0 27.7
91 12 23 13 167 04.1 04.9 02.10 11.10 08.70 266 1020.0  09.7  09.8 999.0 26.6
91 12 23 14 154 03.8 04.9 02.10 11.10 08.70 271 1020.2  09.7  10.1 999.0 27.1
91 12 23 15 172 04.4 05.3 01.90 11.10 08.30 269 1020.5  09.5  09.8 999.0 26.9
91 12 23 16 153 04.8 05.6 01.90 11.10 08.50 274 1020.4  09.5  09.8 999.0 27.4
91 12 23 17 159 04.3 04.9 01.80 11.10 08.20 273 1020.4  09.5  09.8 999.0 27.3
91 12 23 18 142 05.2 06.0 01.80 11.10 08.40 267 1020.5  09.4  09.8 999.0 26.7
91 12 23 19 164 04.5 05.5 01.90 11.10 08.60 264 1020.4  09.5  09.8 999.0 26.4
91 12 23 20 172 04.1 04.9 01.60 11.10 08.60 274 1020.3  09.5  09.8 999.0 27.4
91 12 23 21 152 03.8 04.8 01.90 11.10 08.70 277 1019.4  09.7  09.8 999.0 27.7
91 12 23 22 138 04.2 05.0 01.70 11.10 08.80 274 1018.5  09.8  09.8 999.0 27.4
91 12 23 23 129 04.6 06.1 01.70 11.10 08.90 268 1018.2  09.7  09.8 999.0 26.8
91 12 24 00 144 02.5 03.3 01.50 11.10 08.60 275 1018.3  09.7  09.8 999.0 27.5
91 12 24 01 143 03.1 04.1 01.80 11.10 09.30 272 1018.3  09.8  09.8 999.0 27.2
91 12 24 02 153 04.5 05.6 01.80 11.10 09.30 270 1018.1  10.2  09.8 999.0 27.0
91 12 24 03 180 04.9 05.9 01.80 11.10 08.90 269 1018.1  10.2  09.8 999.0 26.9
91 12 24 04 155 05.1 06.1 01.90 16.70 09.40 284 1017.8  10.2  09.8 999.0 28.4
91 12 24 05 150 05.8 07.1 01.90 10.00 08.90 277 1017.4  10.5  09.8 999.0 27.7
91 12 24 06 142 05.9 07.5 02.00 16.70 09.50 297 1017.1  10.5  09.8 999.0 29.7
91 12 24 07 145 05.3 06.4 02.40 16.70 10.10 286 1017.2  10.3  09.8 999.0 28.6
91 12 24 08 162 05.9 07.4 02.30 14.30 10.20 277 1016.9  10.5  09.8 999.0 27.7
91 12 24 09 158 07.5 08.9 02.40 14.30 09.90 277 1016.4  10.5  09.8 999.0 27.7
91 12 24 10 163 06.8 08.0 02.60 14.30 10.10 279 1016.5  10.6  09.8 999.0 27.9
91 12 24 11 163 07.1 08.4 03.20 14.30 10.80 280 1016.7  10.6  09.8 999.0 28.0
91 12 24 12 161 07.0 08.3 02.60 14.30 09.70 281 1016.5  10.4  09.8 999.0 28.1
91 12 24 13 156 07.6 09.1 02.50 14.30 08.70 281 1016.4  10.2  09.8 999.0 28.1
91 12 24 14 152 07.6 09.2 02.60 14.30 08.70 283 1016.1  10.2  09.8 999.0 28.3
91 12 24 15 155 07.1 09.1 03.00 14.30 09.10 283 1016.2  10.3  09.8 999.0 28.3
91 12 24 16 153 06.9 09.0 03.80 14.30 10.40 283 1016.2  10.2  09.8 999.0 28.3
91 12 24 17 157 06.8 08.1 03.40 14.30 09.60 287 1016.4  10.5  09.8 999.0 28.7
91 12 24 18 161 06.9 08.5 03.50 14.30 09.50 283 1016.9  10.6  09.8 999.0 28.3
91 12 24 19 166 06.1 07.5 03.30 14.30 09.70 282 1016.9  10.6  09.8 999.0 28.2
91 12 24 20 162 05.6 07.1 03.60 14.30 09.90 284 1016.1  10.6  09.8 999.0 28.4
91 12 24 21 170 06.3 08.1 03.60 14.30 10.00 288 1015.6  10.5  09.8 999.0 28.8
91 12 24 22 158 06.0 07.9 03.60 14.30 10.00 285 1014.8  10.5  09.8 999.0 28.5
91 12 24 23 147 06.7 08.6 03.30 14.30 09.90 284 1014.6  10.3  09.8 999.0 28.4
91 12 25 00 146 05.1 06.6 03.40 14.30 09.80 284 1014.5  10.5  09.8 999.0 28.4
91 12 25 01 138 05.1 06.4 03.20 16.70 10.30 291 1014.3  10.6  09.8 999.0 29.1
91 12 25 02 146 05.1 06.7 03.20 16.70 10.50 287 1014.3  10.6  09.8 999.0 28.7
91 12 25 03 147 03.5 04.8 03.40 16.70 11.00 285 1014.5  10.6  09.8 999.0 28.5
91 12 25 04 129 04.0 05.6 03.20 16.70 10.90 285 1014.2  10.5  09.8 999.0 28.5
91 12 25 05 128 03.4 05.1 03.50 16.70 11.60 286 1014.5  10.5  09.8 999.0 28.6
91 12 25 06 131 04.2 06.6 04.70 16.70 13.30 287 1014.3  10.5  09.8 999.0 28.7
91 12 25 07 138 05.1 07.4 04.50 16.70 12.50 283 1014.1  10.5  09.8 999.0 28.3
91 12 25 08 135 05.4 08.2 04.60 16.70 12.40 289 1013.6  10.5  09.8 999.0 28.9
91 12 25 09 146 05.7 08.2 05.70 16.70 13.20 280 1013.3  10.5  09.8 999.0 28.0
91 12 25 10 151 05.6 07.0 04.60 16.70 11.90 283 1013.0  10.5  09.8 999.0 28.3
91 12 25 11 132 04.7 07.3 04.00 16.70 10.80 282 1012.9  10.6  09.8 999.0 28.2
91 12 25 12 150 07.2 09.6 04.70 16.70 11.60 285 1012.6  10.6  09.8 999.0 28.5
91 12 25 13 149 06.8 09.4 04.40 16.70 10.70 284 1012.3  10.2  09.8 999.0 28.4
91 12 25 14 137 06.7 09.7 04.30 16.70 10.20 288 1012.2  10.3  09.8 999.0 28.8
91 12 25 15 136 08.3 11.3 04.10 16.70 09.90 283 1011.7  10.2  09.8 999.0 28.3
91 12 25 16 152 09.0 11.8 04.30 16.70 10.10 280 1011.7  10.2  09.8 999.0 28.0
91 12 25 17 157 09.0 11.5 04.20 16.70 09.70 279 1011.9  10.3  09.8 999.0 27.9
91 12 25 18 145 08.5 10.9 04.00 20.00 09.50 282 1011.8  10.2  09.8 999.0 28.2
91 12 25 19 136 07.3 09.6 04.20 16.70 10.20 280 1011.5  10.8  09.8 999.0 28.0
91 12 25 20 131 05.9 08.1 04.70 16.70 10.80 284 1011.1  10.9  09.8 999.0 28.4
91 12 25 21 154 08.2 11.3 04.00 16.70 10.20 285 1010.1  11.8  09.8 999.0 28.5
91 12 25 22 145 07.1 09.5 04.40 16.70 10.10 284 1009.7  11.3  09.8 999.0 28.4
91 12 25 23 152 07.6 10.5 04.20 16.70 09.50 293 1009.5  11.3  09.8 999.0 29.3
91 12 26 00 162 08.9 11.1 04.10 16.70 09.60 285 1009.5  11.0  09.8 999.0 28.5
91 12 26 01 172 11.2 14.4 04.60 16.70 09.70 287 1009.5  11.3  09.8 999.0 28.7
91 12 26 02 164 10.2 13.2 04.70 16.70 09.10 289 1009.5  11.0  09.8 999.0 28.9
91 12 26 03 141 08.5 11.2 04.90 14.30 09.30 274 1009.4  10.6  09.8 999.0 27.4
91 12 26 04 129 06.6 08.9 04.40 16.70 09.40 286 1009.1  11.0  09.8 999.0 28.6
91 12 26 05 136 06.6 09.7 04.50 16.70 09.10 290 1008.8  11.7  09.8 999.0 29.0
91 12 26 06 132 05.6 07.6 04.10 16.70 08.90 289 1008.5  11.3  09.8 999.0 28.9
91 12 26 07 149 05.9 07.9 04.00 14.30 09.00 284 1008.4  11.8  09.8 999.0 28.4
91 12 26 08 143 05.1 06.6 03.90 16.70 08.80 285 1008.0  11.8  09.8 999.0 28.5
91 12 26 09 124 04.5 06.0 03.40 14.30 08.50 284 1007.7  10.9  09.8 999.0 28.4
91 12 26 10 140 04.6 06.2 03.50 14.30 08.40 282 1007.6  11.2  09.8 999.0 28.2
91 12 26 11 149 05.8 08.1 03.70 14.30 08.70 286 1007.5  12.1  09.8 999.0 28.6
91 12 26 12 149 07.1 09.5 03.70 16.70 09.40 284 1007.0  12.2  09.8 999.0 28.4
91 12 26 13 150 06.3 08.7 04.00 14.30 09.40 277 1006.7  11.7  09.8 999.0 27.7
91 12 26 14 145 06.1 08.3 03.70 12.50 08.80 277 1006.5  11.8  09.8 999.0 27.7
91 12 26 15 106 04.1 06.0 03.70 14.30 08.90 283 1006.5  10.6  09.8 999.0 28.3
91 12 26 16 085 05.2 07.4 99.00 99.00 99.00 999 1005.9  10.0  09.8 999.0 99.0
91 12 26 17 130 02.8 04.8 03.70 11.10 09.00 250 1006.5  10.2  09.8 999.0 25.0
91 12 26 18 096 05.0 07.4 03.50 14.30 08.80 286 1006.3  10.3  09.8 999.0 28.6
91 12 26 19 115 03.5 05.3 04.10 14.30 08.90 286 1006.0  10.3  09.8 999.0 28.6
91 12 26 20 191 03.8 05.5 03.80 14.30 08.80 285 1006.2  10.5  09.8 999.0 28.5
91 12 26 21 164 06.5 08.4 04.20 10.00 08.90 220 1006.7  11.0  09.8 999.0 22.0
91 12 26 22 154 08.2 10.8 04.40 10.00 09.00 225 1005.3  12.0  09.8 999.0 22.5
91 12 26 23 157 07.2 09.1 04.40 11.10 08.70 235 1006.1  11.4  09.8 999.0 23.5
91 12 27 00 121 04.1 05.8 04.00 14.30 08.80 281 1005.8  11.0  09.8 999.0 28.1
91 12 27 01 123 06.5 09.5 04.20 11.10 09.00 226 1005.4  11.1  09.8 999.0 22.6
91 12 27 02 142 04.6 06.1 04.30 11.10 09.10 220 1005.8  11.3  10.0 999.0 22.0
91 12 27 03 131 04.4 05.9 04.50 11.10 09.10 214 1005.7  11.3  10.1 999.0 21.4
91 12 27 04 148 04.5 05.9 04.60 11.10 09.10 208 1005.8  11.3  09.9 999.0 20.8
91 12 27 05 146 06.6 08.2 04.30 11.10 09.10 211 1006.5  11.4  09.8 999.0 21.1
91 12 27 06 162 06.1 07.7 04.80 11.10 09.20 206 1007.1  11.1  09.8 999.0 20.6
91 12 27 07 135 06.3 09.7 04.30 11.10 09.10 211 1007.0  11.1  09.8 999.0 21.1
91 12 27 08 095 05.5 07.9 04.30 11.10 09.10 213 1006.8  10.9  09.8 999.0 21.3
91 12 27 09 095 05.6 07.3 03.90 12.50 09.20 224 1006.6  10.6  09.8 999.0 22.4
91 12 27 10 111 03.6 04.5 04.70 12.50 09.70 223 1006.3  10.9  09.8 999.0 22.3
91 12 27 11 104 05.7 07.3 03.70 11.10 09.10 208 1006.2  11.0  09.8 999.0 20.8
91 12 27 12 122 07.5 11.2 03.90 12.50 09.20 229 1005.9  11.8  09.8 999.0 22.9
91 12 27 13 095 04.8 06.6 03.50 11.10 09.00 235 1005.6  10.6  09.8 999.0 23.5
91 12 27 14 121 04.8 06.2 03.50 11.10 09.10 214 1005.7  11.0  09.8 999.0 21.4
91 12 27 15 086 05.4 07.6 03.80 11.10 09.10 228 1005.2  10.6  09.8 999.0 22.8
91 12 27 16 081 06.4 08.5 04.30 12.50 09.60 223 1004.9  10.3  09.8 999.0 22.3
91 12 27 17 090 05.7 07.8 03.70 11.10 09.10 221 1005.0  10.5  09.8 999.0 22.1
91 12 27 18 081 06.1 08.3 03.90 12.50 09.50 237 1004.7  10.6  09.8 999.0 23.7
91 12 27 19 085 03.1 05.1 04.20 11.10 09.40 215 1004.3  10.6  09.8 999.0 21.5
91 12 27 20 097 02.3 03.4 04.00 11.10 09.40 212 1003.6  10.6  09.8 999.0 21.2
91 12 27 21 087 01.9 03.2 03.80 11.10 09.40 212 1003.0  10.6  09.8 999.0 21.2
91 12 27 22 061 01.4 02.7 03.50 11.10 09.20 201 1001.6  10.5  09.8 999.0 20.1
91 12 27 23 067 03.0 04.2 03.00 11.10 08.60 197 1001.0  10.6  09.8 999.0 19.7
91 12 28 00 090 02.0 04.1 03.10 12.50 09.00 252 1000.4  10.5  09.8 999.0 25.2
91 12 28 01 035 00.8 01.9 03.60 12.50 09.40 273 0999.8  11.0  09.8 999.0 27.3
91 12 28 02 345 00.8 02.4 03.10 11.10 08.80 226 0999.3  10.6  09.8 999.0 22.6
91 12 28 03 090 00.7 02.4 03.50 12.50 09.20 274 0999.8  10.6  09.8 999.0 27.4
91 12 28 04 075 01.4 02.9 03.60 12.50 09.10 263 0999.5  10.6  09.8 999.0 26.3
91 12 28 05 182 05.9 07.8 04.20 12.50 09.40 259 0999.9  11.9  09.8 999.0 25.9
91 12 28 06 184 09.4 11.9 04.00 12.50 09.20 263 0999.9  11.4  09.8 999.0 26.3
91 12 28 07 173 10.2 13.2 03.90 12.50 08.10 262 1000.1  11.0  10.1 999.0 26.2
91 12 28 08 184 11.3 14.4 04.20 12.50 07.80 273 0999.5  10.6  10.2 999.0 27.3
91 12 28 09 180 09.6 12.5 04.70 12.50 07.90 275 0998.9  10.5  10.2 999.0 27.5
91 12 28 10 187 11.2 14.0 04.50 12.50 08.00 257 0998.4  10.6  10.2 999.0 25.7
91 12 28 11 183 10.2 12.4 04.30 11.10 08.00 258 0998.7  10.6  10.2 999.0 25.8
91 12 28 12 178 09.3 11.8 03.80 12.50 07.60 267 0998.8  10.7  10.2 999.0 26.7
91 12 28 13 175 08.6 10.9 03.60 11.10 07.50 257 0999.0  10.6  10.1 999.0 25.7
91 12 28 14 178 10.2 13.2 03.50 12.50 07.50 272 0999.0  10.3  10.1 999.0 27.2
91 12 28 15 166 09.9 12.4 03.60 12.50 07.40 279 0999.4  10.2  10.1 999.0 27.9
91 12 28 16 174 11.1 13.3 03.30 11.10 06.70 261 1000.0  09.8  10.2 999.0 26.1
91 12 28 17 173 10.9 13.2 03.50 11.10 07.00 266 1000.9  09.7  10.2 999.0 26.6
91 12 28 18 194 03.1 04.4 03.70 12.50 07.70 279 1001.9  09.5  10.2 999.0 27.9
91 12 28 19 218 03.7 04.8 03.20 12.50 07.70 283 1002.5  09.9  10.2 999.0 28.3
91 12 28 20 230 04.3 05.3 03.10 11.10 07.80 280 1003.0  09.4  10.2 999.0 28.0
91 12 28 21 272 03.6 04.9 02.90 11.10 07.70 283 1003.0  09.0  10.2 999.0 28.3
91 12 28 22 291 02.8 03.9 02.60 11.10 07.70 290 1003.2  09.5  10.2 999.0 29.0
91 12 28 23 279 02.2 03.2 02.70 11.10 08.00 286 1003.6  10.2  10.2 999.0 28.6
91 12 29 00 279 00.5 01.5 02.70 11.10 07.90 290 1004.1  09.8  10.2 999.0 29.0
91 12 29 01 318 01.1 02.1 03.00 10.00 08.20 284 1004.7  09.7  10.2 999.0 28.4
91 12 29 02 334 01.4 02.3 02.90 11.10 08.10 289 1004.9  09.5  10.2 999.0 28.9
91 12 29 03 358 01.6 02.3 02.80 11.10 08.00 291 1005.5  09.5  10.2 999.0 29.1
91 12 29 04 008 00.9 02.0 02.80 11.10 08.20 280 1006.0  09.5  10.2 999.0 28.0
91 12 29 05 100 01.6 02.6 02.60 11.10 07.80 284 1006.3  09.4  10.2 999.0 28.4
91 12 29 06 069 03.0 04.1 02.50 11.10 08.10 285 1006.4  09.4  10.2 999.0 28.5
91 12 29 07 073 03.3 04.4 02.40 11.10 07.90 281 1006.4  09.4  10.2 999.0 28.1
91 12 29 08 053 02.7 03.7 02.20 12.50 07.60 276 1006.4  09.4  10.2 999.0 27.6
91 12 29 09 037 02.7 03.7 02.30 12.50 08.00 278 1006.3  09.4  10.2 999.0 27.8
91 12 29 10 022 04.2 05.0 01.90 11.10 07.90 281 1006.0  09.4  10.2 999.0 28.1
91 12 29 11 018 04.2 05.1 01.90 16.70 08.20 298 1005.7  09.4  10.2 999.0 29.8
91 12 29 12 032 04.8 05.9 02.10 11.10 08.70 286 1005.6  09.2  10.2 999.0 28.6
91 12 29 13 033 05.2 06.0 02.20 16.70 09.30 296 1005.3  09.4  10.2 999.0 29.6
91 12 29 14 026 05.4 06.4 02.70 16.70 10.60 289 1004.9  09.1  10.2 999.0 28.9
91 12 29 15 014 06.6 07.9 02.60 14.30 10.20 289 1004.8  09.0  10.2 999.0 28.9
91 12 29 16 029 06.1 07.5 03.40 16.70 11.40 287 1005.1  09.0  10.2 999.0 28.7
91 12 29 17 048 04.1 05.6 03.50 14.30 11.10 288 1005.3  09.0  10.2 999.0 28.8
91 12 29 18 064 03.7 05.7 03.70 14.30 11.60 289 1005.7  09.0  10.2 999.0 28.9
91 12 29 19 078 03.7 05.5 04.60 16.70 13.00 287 1006.0  09.1  10.2 999.0 28.7
91 12 29 20 035 04.0 05.8 04.70 16.70 13.00 291 1005.3  09.0  10.2 999.0 29.1
91 12 29 21 086 01.7 03.9 04.70 16.70 12.60 293 1005.6  09.0  10.2 999.0 29.3
91 12 29 22 014 02.8 04.0 05.10 16.70 13.00 288 1005.3  09.0  10.2 999.0 28.8
91 12 29 23 023 02.6 03.8 04.50 16.70 12.40 286 1005.7  09.0  10.2 999.0 28.6
91 12 30 00 018 01.9 02.8 04.00 16.70 11.80 283 1005.9  09.0  10.2 999.0 28.3
91 12 30 01 051 02.3 03.3 04.50 14.30 12.00 291 1006.1  09.0  10.2 999.0 29.1
91 12 30 02 078 01.3 02.8 04.00 14.30 11.90 293 1006.5  09.0  10.2 999.0 29.3
91 12 30 03 120 02.4 04.1 04.10 14.30 12.20 286 1006.9  09.2  10.2 999.0 28.6
91 12 30 04 132 01.2 02.7 03.80 14.30 11.40 290 1007.1  09.1  10.2 999.0 29.0
91 12 30 05 200 01.1 02.0 03.60 14.30 11.20 285 1007.6  09.3  10.2 999.0 28.5
91 12 30 06 139 02.7 04.2 03.20 14.30 10.90 287 1007.8  09.4  10.2 999.0 28.7
91 12 30 07 162 03.7 04.8 03.60 14.30 11.40 284 1008.4  09.5  10.2 999.0 28.4
91 12 30 08 164 04.2 05.6 03.00 12.50 10.50 286 1008.7  09.4  10.2 999.0 28.6
91 12 30 09 158 04.7 06.2 03.10 12.50 10.50 280 1009.0  09.4  10.2 999.0 28.0
91 12 30 10 158 06.3 07.8 03.00 14.30 10.40 287 1009.2  09.4  10.2 999.0 28.7
91 12 30 11 152 06.1 08.1 03.40 14.30 10.40 290 1009.5  09.4  10.2 999.0 29.0
91 12 30 12 154 06.4 08.2 03.30 14.30 10.20 281 1009.6  09.4  10.2 999.0 28.1
91 12 30 13 161 06.2 07.8 03.20 12.50 09.70 286 1009.9  09.4  10.2 999.0 28.6
91 12 30 14 166 06.2 07.6 99.00 99.00 99.00 999 1010.5  09.4  10.2 999.0 99.0
91 12 30 16 173 06.7 08.5 02.80 11.10 08.60 286 1011.5  09.5  10.2 999.0 28.6
91 12 30 17 164 06.8 08.6 03.20 12.50 09.10 290 1012.1  09.4  10.2 999.0 29.0
91 12 30 18 154 07.3 10.4 02.60 12.50 08.10 287 1012.9  09.3  10.2 999.0 28.7
91 12 30 19 156 06.5 07.6 02.70 14.30 08.50 295 1013.3  09.5  10.2 999.0 29.5
91 12 30 20 153 06.4 08.4 02.10 12.50 07.40 285 1013.3  09.8  10.2 999.0 28.5
91 12 30 21 160 07.0 08.4 02.40 12.50 08.30 285 1013.3  10.2  10.2 999.0 28.5
91 12 30 22 158 06.7 08.0 02.10 12.50 07.90 281 1013.1  10.2  10.2 999.0 28.1
91 12 30 23 168 05.7 07.7 02.30 25.00 09.00 293 1013.8  10.3  10.2 999.0 29.3
91 12 31 00 161 06.2 07.6 02.50 20.00 10.00 279 1014.4  10.3  10.2 999.0 27.9
91 12 31 01 148 05.5 07.3 03.20 20.00 11.40 290 1014.6  10.3  10.2 999.0 29.0
91 12 31 02 148 06.1 07.3 03.20 25.00 11.70 280 1015.1  10.3  10.2 999.0 28.0
91 12 31 03 143 07.0 08.5 03.20 25.00 11.40 287 1015.3  10.5  10.2 999.0 28.7
91 12 31 04 147 07.0 08.8 03.10 25.00 10.70 287 1015.7  10.5  10.2 999.0 28.7
91 12 31 05 142 07.1 08.6 03.20 25.00 11.00 290 1016.3  10.5  10.2 999.0 29.0
91 12 31 06 145 05.6 07.1 02.80 20.00 09.80 282 1016.4  10.5  10.2 999.0 28.2
91 12 31 07 153 06.2 07.9 03.00 20.00 10.80 280 1016.5  10.6  10.2 999.0 28.0
91 12 31 08 105 05.4 06.9 02.80 20.00 09.80 283 1016.8  09.5  09.8 999.0 28.3
91 12 31 09 102 05.4 07.1 03.20 20.00 11.30 284 1016.7  09.4  09.8 999.0 28.4
91 12 31 10 117 04.9 06.2 03.30 20.00 11.60 289 1017.2  09.7  10.1 999.0 28.9
91 12 31 11 121 05.5 07.1 03.50 20.00 11.70 292 1017.6  09.7  10.2 999.0 29.2
91 12 31 12 107 06.2 07.7 03.90 20.00 12.10 290 1017.8  09.5  10.2 999.0 29.0
91 12 31 13 111 06.4 08.5 03.70 20.00 11.30 288 1017.9  09.5  10.2 999.0 28.8
91 12 31 14 106 06.8 08.3 03.80 20.00 11.70 283 1018.5  09.5  10.2 999.0 28.3
91 12 31 15 106 06.3 08.1 04.20 16.70 11.90 292 1018.8  09.4  10.2 999.0 29.2
91 12 31 16 104 07.7 09.9 03.60 16.70 09.90 291 1018.8  09.5  10.2 999.0 29.1
91 12 31 17 104 08.4 10.7 04.00 16.70 10.10 292 1019.4  09.4  10.2 999.0 29.2
91 12 31 18 111 08.0 10.4 03.80 16.70 09.80 285 1020.3  09.7  10.2 999.0 28.5
91 12 31 19 117 06.7 08.9 03.50 16.70 08.90 290 1020.6  09.8  10.2 999.0 29.0
91 12 31 20 120 06.9 08.8 04.10 16.70 09.60 287 1020.5  10.3  10.2 999.0 28.7
91 12 31 21 121 06.0 07.6 04.20 16.70 10.00 285 1020.1  10.5  10.2 999.0 28.5
91 12 31 22 140 06.7 08.4 04.40 16.70 10.00 279 1019.7  11.6  10.2 999.0 27.9
91 12 31 23 147 06.5 07.7 04.90 16.70 11.10 281 1019.7  11.7  10.2 999.0 28.1
